player,player_id,position,team_name,player_game_count,avg_depth_of_target,avoided_tackles,caught_percent,contested_catch_rate,contested_receptions,contested_targets,declined_penalties,drop_rate,drops,first_downs,franchise_id,fumbles,grades_hands_drop,grades_hands_fumble,grades_offense,grades_pass_block,grades_pass_route,inline_rate,inline_snaps,interceptions,longest,pass_block_rate,pass_blocks,pass_plays,penalties,receptions,route_rate,routes,slot_rate,slot_snaps,targeted_qb_rating,targets,touchdowns,wide_rate,wide_snaps,yards,yards_after_catch,yards_after_catch_per_reception,yards_per_reception,yprr
Brandon Marshall,3064,WR,DEN,16,10.5,39,61.1,,0,0,0,9.7,11,71,10,3,58.5,27.9,91.3,,90.8,0.5,3,6,68,0,0,553,7,102,96.2,532,6.1,34,85,167,7,92.9,514,1325,537,5.3,13,2.49
T.J. Houshmandzadeh,921,WR,CIN,16,9.4,18,68.3,,0,0,0,6.7,8,70,7,2,71,38.9,82.3,,82.5,0,0,9,42,0,0,603,6,112,95.7,577,63.3,382,89.8,164,12,36.2,218,1151,369,3.3,10.3,1.99
Chad Johnson,806,WR,CIN,16,14.9,5,58.9,,0,0,1,9.7,10,75,7,2,53.5,31,84.9,,86,0,0,8,70,0,0,599,4,93,95.7,573,6.5,39,84.9,158,8,93.5,560,1440,292,3.1,15.5,2.51
Randy Moss,342,WR,NE,16,16.4,2,62.4,,0,0,3,10.1,11,74,19,0,56.9,83.4,90,,90.1,0,0,4,65,0,0,615,10,98,95.3,586,12.5,77,122.7,157,23,87.5,538,1493,294,3,15.2,2.55
Larry Fitzgerald,1724,WR,ARZ,15,13.1,6,65.4,,0,0,1,2.9,3,70,1,3,90.1,26,90.8,,90.7,0.2,1,8,48,0,0,609,2,100,95.2,580,9,55,95,153,10,90.6,552,1412,295,3,14.1,2.43
Derrick Mason,271,WR,BLT,16,9.2,16,68.2,,0,0,0,4.6,5,60,3,1,81.3,58.5,79.8,,80.1,0.6,4,3,79,0,0,619,4,103,96.3,596,62.2,385,91.7,151,5,37.2,230,1087,320,3.1,10.6,1.82
Reggie Wayne,800,WR,IND,16,13,6,70.3,,0,0,0,5.5,6,73,14,3,76.9,26.2,91.5,,91.4,0,0,7,64,0,0,562,1,104,96.6,543,20.3,114,106.1,148,10,79.7,448,1515,402,3.9,14.6,2.79
Braylon Edwards,2220,WR,CLV,16,13.2,5,54.4,,0,0,1,19.2,19,58,8,3,27.6,28.8,78.5,,80.6,0,0,5,78,0,0,599,10,80,95.3,571,13,78,106.1,147,16,87,521,1289,316,4,16.1,2.26
Tony Gonzalez,237,TE,KC,16,10.1,13,68.3,,0,0,1,3.9,4,59,16,0,85.9,83.6,86.8,82.7,89.5,58,369,4,31,7.1,45,636,10,99,88.7,564,36.5,232,92.7,145,5,4.7,30,1172,300,3,11.8,2.08
Marques Colston,3197,WR,NO,16,9.3,10,68.5,,0,0,0,7.5,8,64,20,1,61,56.9,82.1,61.4,81.2,0,0,4,45,0.2,1,573,3,98,95.6,548,50.3,288,108.2,143,11,49.7,285,1202,389,4,12.3,2.19
Torry Holt,441,WR,SL,16,13,1,65.5,,0,0,0,2.1,2,64,26,2,90.5,37.5,84.3,,85.3,0,0,8,40,0,0,631,5,93,95.1,600,8.9,56,84.5,142,7,91.1,575,1189,202,2.2,12.8,1.98
Terrell Owens,188,WR,DAL,15,13.3,13,57.4,,0,0,1,12.9,12,69,9,0,33.8,82.3,86,,87.9,0,0,10,52,0,0,539,10,81,96.1,518,25.2,136,95.9,141,15,74.2,400,1355,360,4.4,16.7,2.62
Jason Witten,1384,TE,DAL,16,8.9,10,68.1,,0,0,0,5,5,56,9,1,74.7,56.6,91.1,48.1,91.1,67.7,390,4,53,12.8,74,576,5,96,83.5,481,19.6,113,97.4,141,7,1.9,11,1145,396,4.1,11.9,2.38
Steve Smith,837,WR,CAR,15,10.4,16,62.6,,0,0,0,7.4,7,43,5,1,61.3,57.9,80.1,,79.7,0,0,5,74,0,0,501,1,87,95.6,479,26.9,135,86.1,139,7,72.5,363,1002,475,5.5,11.5,2.09
Wes Welker,2204,WR,NE,16,5.2,19,81.2,,0,0,0,4.3,5,65,19,2,89,39,88.3,61.5,86.3,0,0,3,42,0.2,1,551,1,112,95.3,525,88.9,490,112.4,138,8,11.1,61,1175,637,5.7,10.5,2.24
Kellen Winslow,1727,TE,CLV,16,10.5,3,59.4,,0,0,2,4.7,4,56,8,2,80,28.8,76.4,79,82.7,25.6,148,5,49,1.9,11,579,15,82,93.6,542,57,330,82,138,5,15.5,90,1106,354,4.3,13.5,2.04
Plaxico Burress,586,WR,NYG,16,15.8,6,51.5,,0,0,1,5.4,4,49,21,0,69.5,81.4,79.1,,79.7,0,0,8,60,0,0,578,3,70,96,555,12.6,73,81.3,136,12,87.4,505,1025,275,3.9,14.6,1.85
Roddy White,2244,WR,ATL,16,11,7,62.9,,0,0,2,8.8,8,52,2,3,65,28.9,77.9,,77.2,0,0,3,69,0,0,617,9,83,95.8,591,11.5,71,98.2,132,6,88.5,546,1204,467,5.6,14.5,2.04
Bobby Engram,177,WR,SEA,16,9.7,9,74,,0,0,0,3.1,3,63,29,1,88.4,55.5,89.8,,89.5,0.2,1,3,49,0,0,498,1,94,97.6,486,84.7,422,107.3,127,6,14.9,74,1147,369,3.9,12.2,2.36
Kevin Curtis,1389,WR,PHI,16,13.3,9,61.1,,0,0,1,10.5,9,49,24,0,55.4,81.8,77.1,,76.6,0.3,2,3,75,0,0,636,2,77,96.9,616,4.1,26,95.7,126,6,95.6,608,1110,362,4.7,14.4,1.8
Bernard Berrian,1799,WR,CHI,16,13.6,7,58.7,,0,0,0,4.1,3,48,6,1,81.1,48.9,77.2,,76.5,0,0,8,59,0,0,573,0,71,96.5,553,5.6,32,70,121,5,94.4,541,951,236,3.3,13.4,1.72
Jerricho Cotchery,1829,WR,NYJ,15,10.4,14,68.3,,0,0,0,7.9,7,51,22,1,56.7,55.2,77.3,65.7,77.4,0.2,1,7,50,0.2,1,549,0,82,95.6,525,64.5,354,79.5,120,2,33.7,185,1129,433,5.3,13.8,2.15
Chris Chambers,821,WR,SD,16,14.6,3,55.9,,0,0,1,5.7,4,46,27,1,74.8,81.7,81.5,,81.1,0,0,6,44,0,0,517,6,66,96.7,500,11.2,58,73.4,118,4,88.8,459,980,174,2.6,14.8,1.96
Dwayne Bowe,3639,WR,KC,16,12.8,12,59.3,,0,0,0,6.7,5,51,16,0,69.6,81.4,81.7,62.3,81.2,0,0,4,58,0.2,1,582,1,70,95.5,556,23.7,138,86.7,118,5,76.1,443,995,361,5.2,14.2,1.79
Shaun McDonald,1418,WR,DET,16,10.7,10,66.9,,0,0,0,7.1,6,47,11,2,68.6,53.1,68.4,,69,0,0,8,49,0,0,564,2,79,95.2,537,62.6,353,79.9,118,6,36.7,207,943,261,3.3,11.9,1.76
Donald Driver,533,WR,GB,15,9.5,21,70.7,,0,0,0,4.7,4,49,12,1,74.3,82.5,80.4,,80,0,0,4,47,0,0,557,2,82,95,529,81,451,90,116,2,19,106,1048,434,5.3,12.8,1.98
Antonio Gates,1609,TE,SD,16,11.3,3,68.8,,0,0,0,6.3,5,54,27,0,71,81.6,89.3,61.3,90.5,35.8,178,4,49,2.6,13,497,2,75,95.6,475,43.1,214,109.3,109,9,18.7,93,984,302,4,13.1,2.07
Brian Westbrook,1094,HB,PHI,15,0.2,15,82.6,,0,0,0,10,10,31,24,1,52.6,88.5,77.7,81,67.4,0.2,1,2,57,18.4,108,587,1,90,79,464,7.8,46,103.8,109,5,6.3,37,771,802,8.9,8.6,1.66
Santana Moss,786,WR,WAS,14,13.4,4,56.5,,0,0,0,12.9,9,43,32,1,40.6,26.4,74.1,,74.5,0,0,4,49,0,0,467,2,61,96.4,450,13.1,61,74.2,108,3,86.7,405,808,188,3.1,13.2,1.8
Hines Ward,380,WR,PIT,13,9.7,0,66.4,,0,0,0,7.8,6,47,25,0,65.3,82,86.9,85.7,84.4,0.7,3,4,25,0.7,3,413,2,71,96.4,398,52.8,218,92.1,107,7,46,190,732,244,3.4,10.3,1.84
Lee Evans,1734,WR,BUF,16,14.9,2,52.4,,0,0,0,8.3,5,38,4,0,60.6,79.8,74.2,,74,0,0,7,85,0,0,469,6,55,97,455,11.1,52,67.5,105,5,88.9,417,849,201,3.7,15.4,1.87
Chris Cooley,1802,TE,WAS,16,10,11,62.5,,0,0,1,5.8,4,46,32,1,67.6,46,79,82.3,79.7,51.9,297,1,39,17.3,99,572,3,65,79.9,457,37.1,212,107.1,104,8,7,40,781,285,4.4,12,1.71
Reggie Brown,2252,WR,PHI,16,11.9,6,58.7,,0,0,1,7.6,5,38,24,1,71.4,57.6,70,,67.6,2.1,13,4,45,0,0,617,1,61,96.6,596,12.3,76,82.2,104,5,85.4,527,780,169,2.8,12.8,1.31
Kevin Walter,1549,WR,HST,16,11.9,3,64.4,,0,0,0,4.4,3,43,13,0,79.2,81.6,78.3,35.7,76.2,0.8,4,7,46,0.8,4,519,0,65,96,498,36.4,189,73,101,4,62.4,324,800,177,2.7,12.3,1.61
Roy Williams,1728,WR,DET,12,12.4,5,63.4,,0,0,0,8.6,6,34,11,2,60.8,28.6,71.1,,70.7,0,0,5,91,0,0,474,1,64,94.5,448,9.3,44,85.3,101,5,90.7,430,838,304,4.8,13.1,1.87
Marty Booker,487,WR,MIA,15,11.2,1,50.5,,0,0,1,13.8,8,28,17,0,44.1,37.7,61,,60.9,0,0,6,26,0,0,539,2,50,96.5,520,45.5,245,45.7,99,1,54,291,556,133,2.7,11.1,1.07
Amani Toomer,169,WR,NYG,16,11.4,1,59.6,,0,0,0,13.2,9,42,21,0,45.2,80.3,68.6,,68.1,0,0,4,40,0,0,595,5,59,95.8,570,51.9,309,77,99,3,48.1,286,760,195,3.3,12.9,1.33
Isaac Bruce,80,WR,SL,14,13.1,1,56.1,,0,0,0,5.2,3,36,26,0,74.5,53.6,77.8,,77.3,0,0,3,37,0,0,440,0,55,95.2,419,14.5,64,80.9,98,4,85.5,376,733,168,3.1,13.3,1.75
Darrell Jackson,639,WR,SF,15,14.1,4,47.4,,0,0,3,13.2,7,33,28,1,41.9,47.9,63.1,,62.8,0,0,7,34,0,0,464,5,46,96.6,448,8,37,43.2,97,3,92,427,497,84,1.8,10.8,1.11
Anquan Boldin,1369,WR,ARZ,12,7.9,13,75,,0,0,0,6.5,5,43,1,2,70.3,29.7,77.9,80.9,80.9,1.5,7,2,44,0.4,2,456,6,72,95,433,53.7,245,124.2,96,9,40.1,183,854,390,5.4,11.9,1.97
Joey Galloway,117,WR,TB,15,14.1,5,60,,0,0,0,10.9,7,37,30,0,61.7,80.2,78.1,,78.7,0,0,5,69,0,0,478,1,57,95.6,457,20.5,98,95.7,95,6,79.3,379,1014,377,6.6,17.8,2.22
Dallas Clark,1340,TE,IND,15,9,10,62.4,,0,0,0,17.1,12,37,14,0,29,80.5,74.6,58.2,69.2,29.7,148,2,39,5.6,28,499,0,58,91.8,458,61.1,305,112.1,93,11,7,35,616,220,3.8,10.6,1.34
Reggie Bush,2947,HB,NO,12,1,13,79.3,,0,0,0,11,9,24,20,0,48.7,26.1,59.5,25.5,71,0,0,1,25,8.4,36,427,1,73,88.1,376,15.5,66,88.3,92,2,13.8,59,417,400,5.5,5.7,1.11
Ronald Curry,1199,WR,OAK,16,11.3,6,59.8,,0,0,0,12.7,8,36,23,0,38.3,80.5,68.8,70.9,70.9,0.8,4,5,49,0.4,2,511,6,55,92.2,471,49.5,253,76.2,92,4,49.1,251,717,238,4.3,13,1.52
Arnaz Battle,1499,WR,SF,16,10.4,4,53.8,,0,0,0,9.3,5,25,28,2,65.6,22.3,63.7,,63.2,0.5,3,4,57,0,0,565,1,49,96.3,544,49.9,282,73.6,91,5,49.4,279,583,132,2.7,11.9,1.07
Nate Burleson,1386,WR,SEA,16,13.4,8,54.9,,0,0,0,7.4,4,38,29,1,65.4,38.4,69,,69.5,0,0,4,45,0,0,530,3,50,97.5,517,13.8,73,94.3,91,9,86.2,457,694,217,4.3,13.9,1.34
Jerry Porter,617,WR,OAK,16,15.5,6,48.9,,0,0,0,0,0,29,23,0,90.2,78.5,73.4,,72.9,0.2,1,9,59,0,0,503,1,44,92.6,466,11.1,56,58.1,90,6,88.7,446,705,181,4.1,16,1.51
Calvin Johnson,3618,WR,DET,15,15.3,2,53.9,,0,0,0,11.1,6,38,11,1,56,79.8,76.3,,74.3,0,0,4,49,0,0,448,2,48,96.2,431,15.2,68,78.7,89,4,84.8,380,756,167,3.5,15.8,1.75
Jeremy Shockey,1021,TE,NYG,14,8.6,6,64.8,,0,0,1,8.1,5,33,21,0,69.9,80.4,78.8,75.1,75.5,71.4,355,6,29,11.1,55,497,4,57,85.1,423,21.5,107,68.3,88,3,6,30,619,263,4.6,10.9,1.46
Mike Furrey,726,WR,DET,16,9.5,0,69.3,,0,0,0,4.7,3,37,11,0,77.7,80.6,68.7,,67.1,0.4,2,3,49,0,0,566,2,61,95.2,539,65.9,373,80.9,88,1,33.6,190,664,187,3.1,10.9,1.23
Owen Daniels,3043,TE,HST,16,10,5,72.4,,0,0,0,10,7,45,13,4,64.9,19,71.7,66.2,74.3,79.3,432,2,29,11,60,545,6,63,86.6,472,15.2,83,101.1,87,3,3.3,18,768,218,3.5,12.2,1.63
Roydell Williams,2353,WR,TEN,16,11.2,5,64,,0,0,0,3.5,2,38,31,0,81.4,80.2,77.5,,78.1,0,0,5,48,0,0,395,0,55,97.7,386,4.3,17,81.5,86,4,95.7,378,719,244,4.4,13.1,1.86
Mark Clayton,2239,WR,BLT,16,10.9,7,55.8,,0,0,1,9.4,5,30,3,0,57,79.3,63.2,,61.2,0.7,4,3,52,0,0,537,1,48,95.7,514,11.5,62,59.8,86,0,87.3,469,531,134,2.8,11.1,1.03
Santonio Holmes,2970,WR,PIT,13,16.8,5,61.2,,0,0,0,5.5,3,42,25,1,66.1,42.1,87.6,,87.4,0,0,4,83,0,0,389,1,52,96.9,377,17.2,67,111.5,85,8,82.8,322,952,265,5.1,18.3,2.53
David Patten,221,WR,NO,16,13.2,6,64.3,,0,0,0,5.3,3,38,20,2,67.2,25.6,74.5,,73.4,0,0,3,58,0,0,395,0,54,96.5,381,21,83,92,84,3,79,312,792,255,4.7,14.7,2.08
Justin Gage,1452,WR,TEN,16,14.7,5,66.3,,0,0,0,6.8,4,45,31,1,67.8,40,78.9,,77.4,0.2,1,3,73,0,0,433,2,55,97.2,421,45.7,198,87.9,83,2,53.6,232,750,253,4.6,13.6,1.78
Ike Hilliard,233,WR,TB,15,7.7,12,74.7,,0,0,0,8.8,6,38,30,2,59.6,45,75.4,71,73.1,0.5,2,1,56,0.5,2,422,1,62,95.5,403,50.2,212,99.6,83,1,48.6,205,722,303,4.9,11.6,1.79
Laveranues Coles,638,WR,NYJ,12,11.9,7,66.3,,0,0,0,6.8,4,35,22,0,67.4,79.8,84.5,,84.3,0,0,3,57,0,0,336,2,55,95.5,321,12.8,43,98.8,83,6,86.9,292,646,136,2.5,11.7,2.01
Bryant Johnson,1333,WR,ARZ,16,12.1,2,55.4,,0,0,0,13.2,7,33,1,0,55.5,78.9,67.6,74.9,67.3,0.4,2,3,30,0.4,2,502,2,46,95.2,478,18.7,94,67.7,83,2,80.9,406,528,92,2,11.5,1.1
Greg Jennings,2997,WR,GB,13,13,4,63.9,,0,0,0,10.2,6,37,12,1,53.5,79.7,75.3,,73.2,0,0,5,82,0,0,470,1,53,94.7,445,36.8,173,116,83,12,63.2,297,920,382,7.2,17.4,2.07
Andre Johnson,1319,WR,HST,9,12.2,6,73.2,,0,0,0,3.2,2,39,13,1,76.7,42.9,90.2,,89.3,0,0,5,77,0,0,272,1,60,97.4,265,22.4,61,113.4,82,8,77.6,211,851,253,4.2,14.2,3.21
LaDainian Tomlinson,777,HB,SD,16,-0.9,11,73.2,,0,0,0,3.2,2,21,27,0,82.9,91.7,80,74.5,80.2,0,0,3,36,23.4,103,440,2,60,74.5,328,1.8,8,84.1,82,3,1.8,8,475,564,9.4,7.9,1.45
Josh Reed,1043,WR,BUF,15,7.9,9,62.2,,0,0,0,7.3,4,34,4,0,65.8,80.2,69.9,,69.2,0.3,1,3,30,0,0,398,3,51,97,386,46.7,186,68,82,0,52.8,210,578,208,4.1,11.3,1.5
Bobby Wade,1448,WR,MIN,16,9.2,3,66.7,,0,0,1,8.5,5,33,18,1,74,40.2,71.9,,69.3,0.2,1,5,40,0,0,459,5,54,95.4,438,64.9,298,77.7,81,3,34.6,159,650,153,2.8,12,1.48
Michael Jenkins,1750,WR,ATL,15,7.2,4,65.4,,0,0,0,11.7,7,31,2,0,47.8,79.8,65.6,19.5,66.4,2.7,12,6,29,1.6,7,445,2,53,94.2,419,93.7,417,69.6,81,4,3.1,14,532,197,3.7,10,1.27
Joe Jurevicius,365,WR,CLV,16,9.5,1,62.5,,0,0,0,12.3,7,34,8,0,46.6,79.6,70.6,72.7,68.2,0.5,2,3,50,0.2,1,434,4,50,94.9,412,45.2,196,83,80,3,53.7,233,614,233,4.7,12.3,1.49
Patrick Crayton,1932,WR,DAL,15,10.9,7,63.3,,0,0,0,5.7,3,33,9,1,71.5,79.2,73.4,,70.9,0.4,2,3,59,0,0,508,1,50,95.9,487,43.9,223,105.3,79,7,55.7,283,697,285,5.7,13.9,1.43
Deion Branch,1072,WR,SEA,11,11.7,3,62.8,,0,0,0,7.5,4,30,29,0,64.2,79.1,71.4,,71.4,0,0,3,65,0,0,385,1,49,97.9,377,17.4,67,90.8,78,4,82.6,318,661,206,4.2,13.5,1.75
Vernon Davis,2951,TE,SF,14,9.9,14,67.5,,0,0,0,7.1,4,31,28,1,67.4,40.4,64.9,62.9,65.9,80.3,419,3,31,9,47,522,10,52,87.5,457,10.7,56,87,77,4,5,26,509,153,2.9,9.8,1.11
Antwaan Randle El,1069,WR,WAS,15,11.9,7,66.2,,0,0,0,5.6,3,38,32,1,74.1,80.7,81.1,,81.3,0.2,1,3,54,0,0,426,0,51,95.5,407,50.9,217,84.8,77,1,47.7,203,728,197,3.9,14.3,1.79
James Jones,3694,WR,GB,16,10.9,3,61,,0,0,0,7.8,4,30,12,3,56.3,21,63.9,62.3,61.9,0.2,1,2,79,0.2,1,517,1,47,95.6,494,6.4,33,87.4,77,2,93.4,483,676,217,4.6,14.4,1.37
Vincent Jackson,2278,WR,SD,16,16.1,8,54.7,,0,0,0,8.9,4,28,27,0,59.3,78.3,71.7,74.1,69.2,0.4,2,3,45,0.2,1,470,5,41,97.4,458,21.5,101,78.9,75,3,77.2,363,623,118,2.9,15.2,1.36
Muhsin Muhammad,173,WR,CHI,16,12.4,6,54.1,,0,0,0,11.1,5,28,6,0,50,78,64,,61.7,0,0,5,44,0,0,588,3,40,96.1,565,36.4,214,64.6,74,3,63.6,374,570,179,4.5,14.3,1.01
Jeff King,3100,TE,CAR,16,6.6,3,62.2,,0,0,1,9.8,5,26,5,2,63.4,23.9,54.2,64.5,51.5,52.1,283,2,29,14.5,79,543,7,46,81.6,443,42.7,232,74.5,74,2,2.4,13,406,142,3.1,8.8,0.92
Bo Scaife,2396,TE,TEN,16,8.1,5,63,,0,0,0,9.8,5,28,31,2,56.7,24.1,70.3,82.8,69.6,44.2,183,4,26,16.9,70,414,2,46,81.4,337,45.2,187,60.4,73,1,5.3,22,421,169,3.7,9.2,1.25
Drew Carter,1881,WR,CAR,16,14.9,6,52.1,,0,0,1,11.6,5,28,5,0,51.7,78.3,69.1,,67.9,0,0,3,49,0,0,416,2,38,96.2,400,32.9,137,76.1,73,4,67.1,279,517,121,3.2,13.6,1.29
Ernest Wilford,1841,WR,JAX,16,12,5,63.4,,0,0,0,2.2,1,35,15,0,84.7,78.8,76.9,,75.3,0,0,1,35,0,0,397,3,45,96,381,16.1,64,93.5,71,3,83.9,333,518,104,2.3,11.5,1.36
Laurent Robinson,3691,WR,ATL,15,12.7,1,53.6,,0,0,1,9.8,4,14,2,1,55.4,29.1,57.7,,57.4,0,0,3,74,0,0,369,3,37,97,358,8.7,32,59.9,69,1,91.3,337,437,132,3.6,11.8,1.22
Donte' Stallworth,1020,WR,NE,16,10.7,11,66.7,,0,0,0,9.8,5,27,19,0,55.3,79.1,67.1,,65.3,0,0,1,69,0,0,463,1,46,95.9,444,7.3,34,108.2,69,3,92.7,429,697,324,7,15.2,1.57
Drew Bennett,941,WR,SL,14,13.3,0,47.8,,0,0,0,10.8,4,24,26,1,52.7,38.3,65.6,,65.1,0.3,1,10,24,0,0,355,0,33,95.5,339,55.2,196,39.5,69,3,44.5,158,375,101,3.1,11.4,1.11
Brandon Stokley,498,WR,DEN,13,14,0,58.8,,0,0,0,4.8,2,35,10,0,74,78.2,78.8,,79.4,0.3,1,3,58,0,0,318,1,40,95.9,305,60.4,192,96.1,68,5,39.3,125,635,123,3.1,15.9,2.08
Dennis Northcutt,605,WR,JAX,15,11.8,2,64.7,,0,0,0,2.2,1,30,15,0,83.9,79.7,75.5,,77.6,0,0,1,55,0,0,335,3,44,95.8,321,46.9,157,106.3,68,4,53.1,178,601,137,3.1,13.7,1.87
Alge Crumpler,805,TE,ATL,14,5.6,7,62.7,,0,0,0,10.6,5,22,2,0,52.5,78.4,72.5,55.2,65.3,80.7,338,1,55,11.7,49,419,0,42,84.5,354,14.1,59,100.6,67,5,2.9,12,444,276,6.6,10.6,1.25
Ted Ginn Jr.,3625,WR,MIA,16,11.4,1,52.3,,0,0,0,5.6,2,18,17,0,70.5,78.1,63.6,,62.7,0,0,3,54,0,0,394,0,34,97.2,383,16.5,65,63.6,65,2,83.5,329,420,178,5.2,12.4,1.1
Frank Gore,2282,HB,SF,15,0,13,81.5,,0,0,1,11.7,7,20,28,1,47,54.9,55.2,66.4,50.1,0.2,1,0,23,31.6,129,408,4,53,64.7,264,4.9,20,99.7,65,1,3.2,13,436,409,7.7,8.2,1.65
Earnest Graham,1613,HB,TB,15,0.9,7,75.4,,0,0,0,12.5,7,13,30,1,45.2,83.6,64.1,75.6,51.4,0.3,1,0,21,22.3,83,373,0,49,74.5,278,1.6,6,85.7,65,0,2.9,11,324,296,6,6.6,1.17
Kenny Watson,1001,HB,CIN,16,-1.2,9,80,,0,0,0,1.9,1,12,7,1,88.7,59,70.7,65.6,65.7,0,0,0,43,25.1,101,402,1,52,72.1,290,2.5,10,90.6,65,0,1,4,374,458,8.8,7.2,1.29
Brad Smith,3048,WR,NYJ,16,10.6,4,50.8,,0,0,0,15.8,6,15,22,0,35.4,79.9,57.1,,54.3,0,0,6,29,0,0,425,0,32,96.2,409,30.6,130,36.9,63,2,67.8,288,325,133,4.2,10.2,0.79
Keary Colbert,1783,WR,CAR,12,10.4,5,50.8,,0,0,0,13.5,5,16,5,1,42,27.7,51.6,27.6,50.4,0.2,1,4,43,0.5,2,413,1,32,94.2,389,28.3,117,39.9,63,0,71.2,294,332,115,3.6,10.4,0.85
Zach Miller,3654,TE,OAK,16,8.3,5,69.8,,0,0,1,10.2,5,24,23,2,57.8,24.4,65.1,63.2,58.7,78.2,423,1,28,27.2,147,541,3,44,68.2,369,12.2,66,98.9,63,3,4.3,23,444,140,3.2,10.1,1.2
Greg Olsen,3647,TE,CHI,14,9.3,1,61.9,,0,0,0,11.4,5,19,6,0,53.3,78.5,74.4,59,76.5,55,149,1,31,8.5,23,271,2,39,87.8,238,32.1,87,83.5,63,2,10.3,28,391,158,4.1,10,1.64
Tony Scheffler,3006,TE,DEN,14,8.6,8,77.8,,0,0,0,2,1,28,10,0,86.2,79.2,85.2,76.2,89.9,54.7,157,2,41,7.3,21,287,0,49,89.5,257,27.5,79,116.2,63,5,17.1,49,549,211,4.3,11.2,2.14
Randy McMichael,1114,TE,SL,16,7.2,2,62.9,,0,0,0,13.3,6,28,26,0,42.9,78.1,67.9,82.1,61.2,76.4,459,2,29,30.6,184,601,3,39,65.9,396,12.1,73,86,62,3,0.8,5,429,161,4.1,11,1.08
Desmond Clark,529,TE,CHI,16,8.2,6,71,,0,0,0,8.3,4,24,6,1,54.1,31.8,65.2,73.7,60.4,75.5,373,1,52,15.8,78,494,5,44,82,405,19.2,95,112.6,62,4,3.4,17,545,244,5.5,12.4,1.35
Donald Lee,1465,TE,GB,15,7.3,7,78.7,,0,0,1,5.9,3,30,12,1,70.9,36.4,79.4,87.8,76.7,56.9,210,0,60,10.3,38,369,4,48,85.4,315,23.6,87,138.7,61,6,7.3,27,575,286,6,12,1.83
Adrian Peterson,1177,HB,CHI,16,-0.7,12,83.6,,0,0,0,5.6,3,15,6,0,74,63.8,63.2,78.4,80.8,0,0,0,30,42.7,181,424,0,51,55.2,234,0.5,2,95.8,61,0,0.5,2,426,450,8.8,8.4,1.82
Eric Johnson,929,TE,NO,14,5.8,7,80,,0,0,0,9.4,5,19,20,1,57.9,36.3,58.1,67.3,55.6,50.6,243,2,22,19.6,94,480,3,48,77.1,370,36.5,175,90.1,60,2,8.3,40,378,151,3.1,7.9,1.02
Chris Baker,1091,TE,NYJ,15,7.9,5,68.3,,0,0,0,6.8,3,29,22,1,66.5,30,74.4,66.7,69.6,38.2,189,0,22,18.6,92,495,2,41,78.4,388,53.3,264,104.2,60,3,7.1,35,410,153,3.7,10,1.06
Heath Miller,2247,TE,PIT,16,8.8,5,79.7,,0,0,0,2.1,1,31,25,0,85.6,79,87.3,69.9,82.3,65.7,289,1,29,14.3,63,440,6,47,83,365,20.2,89,139.1,59,7,4.1,18,566,230,4.9,12,1.55
Andre' Davis,1054,WR,HST,14,14.4,0,55.9,,0,0,0,10.8,4,19,13,1,56.4,29.1,68.5,,67.3,0,0,4,53,0,0,376,0,33,96.3,362,13.6,51,78.6,59,3,86.4,325,583,97,2.9,17.7,1.61
Derek Hagan,3027,WR,MIA,16,15,0,49.2,,0,0,0,9.4,3,21,17,0,59.9,76.8,63.4,,61.9,0,0,1,22,0,0,339,2,29,97.1,329,11.5,39,73.6,59,2,88.5,300,373,62,2.1,12.9,1.13
Robert Ferguson,811,WR,MIN,15,15,6,56.1,,0,0,0,8.6,3,19,18,0,69,76.8,66.3,,64.2,0.3,1,4,71,0,0,325,0,32,95.4,310,8.6,28,54.1,57,1,91.1,296,391,117,3.7,12.2,1.26
Reggie Williams,1730,WR,JAX,15,12.1,2,66.7,,0,0,0,7.3,3,30,15,3,73.3,19.5,74.5,,73.6,1.8,6,0,80,0,0,325,5,38,95.7,311,15.1,49,143.3,57,10,82.8,269,630,217,5.7,16.6,2.03
Clinton Portis,1058,HB,WAS,16,-1.7,9,83.9,,0,0,0,7.8,4,19,32,0,63.2,52.8,60.7,78.1,69.4,0,0,1,54,25.6,101,395,1,47,71.4,282,0.5,2,88.2,56,0,0.5,2,389,477,10.1,8.3,1.38
Kevin Faulk,470,HB,NE,16,2.1,6,83.9,,0,0,0,4.1,2,20,19,1,77.4,63.7,71.7,72.9,67.2,0,0,0,23,20.8,83,400,1,47,75.5,302,7.8,31,101.1,56,1,9.5,38,383,343,7.3,8.1,1.27
Roscoe Parrish,2272,WR,BUF,16,10.1,7,62.5,,0,0,0,5.4,2,19,4,0,62.3,78,66.4,65.8,65.5,0,0,2,47,0.4,1,271,2,35,96.3,261,49.4,134,71.4,56,1,49.8,135,352,131,3.7,10.1,1.35
Jeff Webb,3135,WR,KC,16,14.2,2,50.9,,0,0,0,12.5,4,13,16,1,56.3,27,58.9,,57.4,0,0,2,34,0,0,351,2,28,94.6,332,10,35,59.3,55,1,90,316,315,62,2.2,11.3,0.95
Warrick Dunn,236,HB,ATL,16,-0.4,5,67.3,,0,0,0,15.9,7,5,2,0,32.8,71.8,53.3,73,37.4,0,0,0,35,39.2,153,390,2,37,58.7,229,0.5,2,76.2,55,0,4.6,18,238,257,6.9,6.4,1.04
Marcedes Lewis,2973,TE,JAX,16,9.8,8,68.5,,0,0,0,9.8,4,22,15,0,55.9,77.7,74.9,72.5,68.8,88.6,357,2,25,21.6,87,403,5,37,74.7,301,10.2,41,86.3,54,2,0.7,3,391,120,3.2,10.6,1.3
Nate Washington,2832,WR,PIT,16,16.6,1,54.7,,0,0,0,12.1,4,21,25,0,47.7,76.6,64.5,46.8,64.8,0.5,2,3,40,0.5,2,385,1,29,96.4,371,43.9,169,90.9,53,5,55.6,214,450,85,2.9,15.5,1.21
Marion Barber III,2326,HB,DAL,16,0.5,11,84.6,,0,0,0,4.3,2,16,9,2,77.3,61.8,90,82.6,64.7,0,0,0,29,21.9,68,311,0,44,74.6,232,0.3,1,102.1,52,2,0.6,2,282,270,6.1,6.4,1.22
Anthony Gonzalez,3648,WR,IND,13,11.9,4,72.5,,0,0,0,11.9,5,27,14,0,48.4,77.7,78.3,,77.7,0,0,0,57,0,0,271,1,37,95.9,260,20.7,56,129.2,51,3,79.3,215,576,177,4.8,15.6,2.22
Maurice Jones-Drew,3005,HB,JAX,15,1.9,12,80,,0,0,0,7,3,23,15,1,66.9,64.7,78.7,79,73.4,0,0,0,43,20.3,62,306,0,40,75.5,231,0.7,2,100.6,50,0,4.2,13,407,394,9.9,10.2,1.76
David Martin,916,TE,MIA,15,7.6,0,69.4,,0,0,0,5.6,2,16,17,0,72,77.6,58.1,50,57.7,41.8,217,2,28,21.2,110,519,1,34,75.1,390,32,166,82.3,49,2,5.6,29,303,93,2.7,8.9,0.78
Sidney Rice,3660,WR,MIN,13,14.2,1,63.3,,0,0,0,6.1,2,24,18,0,68.2,77,82.5,,78.2,0.4,1,1,60,0,0,229,0,31,96.1,220,5.7,13,107.2,49,4,93.9,215,396,83,2.7,12.8,1.8
Leon Washington,3062,HB,NYJ,16,0.6,6,73.5,,0,0,0,12.2,5,15,22,0,47.2,64.1,71.1,90.3,57.7,0.4,1,0,18,20.7,51,246,0,36,75.6,186,12.2,30,81.4,49,0,8.1,20,213,226,6.3,5.9,1.15
Matt Jones,2238,WR,JAX,12,14.2,2,49,,0,0,0,17.2,5,15,15,0,31.9,75.3,72.1,,72.8,0,0,1,48,0,0,170,2,24,95.3,162,28.8,49,88.6,49,4,71.2,121,317,83,3.5,13.2,1.96
Javon Walker,1027,WR,DEN,8,9.3,4,53.1,,0,0,1,10.3,3,10,10,0,55.3,76.5,64.3,62.4,65.7,0,0,3,24,0.5,1,215,2,26,96.7,208,17.7,38,45.2,49,0,82.3,177,287,109,4.2,11,1.38
Leonard Weaver,2835,FB,SEA,16,-0.6,9,81.3,,0,0,0,9.3,4,15,29,0,56.7,83.2,70,82.3,59.6,0.5,2,0,46,25.3,95,376,2,39,72.6,273,0.5,2,93.8,48,0,2.7,10,313,342,8.8,8,1.15
Willis McGahee,1339,HB,BLT,15,-2,11,89.6,,0,0,0,4.4,2,10,3,0,75.5,68.3,70.7,84.8,77.4,0.3,1,1,30,44.3,136,307,0,43,54.1,166,2,6,85,48,1,2.6,8,231,320,7.4,5.4,1.39
Benjamin Watson,1753,TE,NE,12,8.8,3,75,,0,0,0,12.2,5,21,19,1,48.3,42.7,73.1,67.3,72.1,34.8,110,0,35,13.9,44,316,3,36,81,256,56,177,137.9,48,6,6,19,389,111,3.1,10.8,1.52
Steven Jackson,1745,HB,SL,12,0.4,10,79.2,,0,0,0,7.3,3,13,26,2,57.3,39.2,69.4,75,47.6,0,0,0,37,23.9,79,331,0,38,72.5,240,6,20,97.1,48,1,0.9,3,271,305,8,7.1,1.13
Joe Horn,199,WR,ATL,12,9.1,0,57.4,,0,0,0,6.9,2,17,2,0,66.6,76.3,60.3,,59.2,0,0,2,26,0,0,347,1,27,95.4,331,30.8,107,60.9,47,1,69.2,240,243,61,2.3,9,0.73
Eric Moulds,165,WR,TEN,16,9.5,2,68.1,,0,0,0,5.9,2,21,31,0,69.8,77,62.8,,61.3,0.3,1,2,46,0,0,394,0,32,97.5,384,36,142,71.4,47,0,63.5,250,342,110,3.4,10.7,0.89
Lance Moore,2718,WR,NO,16,11.7,0,68.1,,0,0,0,8.6,3,22,20,0,69,77.3,63.8,,64.3,0,0,3,22,0,0,324,2,32,94.4,306,30.2,98,73.2,47,2,69.8,226,302,63,2,9.4,0.99
Quinn Sypniewski,3111,TE,BLT,15,5.8,1,72.3,,0,0,0,8.1,3,16,3,1,71.6,28.9,65,62.7,60.8,63.1,229,1,13,23.1,84,363,6,34,74.9,272,24,87,82.4,47,1,0.8,3,246,103,3,7.2,0.9
Jabar Gaffney,1040,WR,NE,16,9.7,4,78.3,,0,0,0,5.3,2,20,19,0,72.2,77.6,71.9,84.7,71.4,0.3,1,0,56,0.7,2,307,0,36,95.8,294,53.4,164,143.6,46,5,46.3,142,449,125,3.5,12.5,1.53
Demetrius Williams,3056,WR,BLT,9,16.2,1,43.5,,0,0,0,9.1,2,16,3,0,70.5,74.4,66.4,,65.7,0.4,1,1,34,0,0,262,0,20,96.6,253,8.4,22,55.5,46,0,90.8,238,290,37,1.9,14.5,1.15
Ronnie Brown,2219,HB,MIA,7,0.1,15,86.7,,0,0,0,4.9,2,18,17,0,73.3,90,89,76.7,90.1,0,0,0,43,21.7,47,217,0,39,75.6,164,0,0,110.1,45,1,0.9,2,389,386,9.9,10,2.37
Devery Henderson,1771,WR,NO,16,17.7,1,44.4,,0,0,0,33.3,10,16,20,0,25.3,75.1,52.4,,52.2,0,0,4,54,0,0,370,2,20,95.1,352,27.3,101,62.2,45,3,72.7,269,409,78,3.9,20.5,1.16
D.J. Hackett,1876,WR,SEA,6,8.8,0,71.1,,0,0,0,0,0,16,29,0,88.3,76.8,72.3,,70.5,0,0,1,59,0,0,205,0,32,96.1,197,25.9,53,109.9,45,3,74.1,152,384,149,4.7,12,1.95
Kris Wilson,1782,FB,KC,16,6.5,4,53.3,,0,0,0,17.2,5,8,16,2,33.4,20.2,43.5,71.6,36.5,19.6,56,2,31,8.4,24,285,2,24,87.7,250,18.9,54,52.1,45,1,16.5,47,180,119,5,7.5,0.72
Joseph Addai,2975,HB,IND,15,0.6,7,93,,0,0,0,2.4,1,15,14,0,83,91.3,80.8,70.8,75.1,0,0,0,73,21.3,83,389,0,40,76.3,297,1,4,124.7,43,3,0.8,3,359,341,8.5,9,1.21
Alex Smith,2288,TE,TB,14,9.1,6,74.4,,0,0,0,8.6,3,20,30,0,51.1,76.9,65.9,54.9,64.3,79.5,303,1,33,14.4,55,381,2,32,81.4,310,11.5,44,115,43,3,7.3,28,385,148,4.6,12,1.24
L.J. Smith,1376,TE,PHI,10,10.3,1,53.7,,0,0,0,12,3,12,24,1,49.5,25.2,55.1,71.4,52.6,72.2,197,1,26,15,41,273,2,22,82.1,224,21.6,59,68.8,41,1,5.1,14,236,71,3.2,10.7,1.05
Delanie Walker,3120,TE,SF,16,5.7,3,51.2,,0,0,0,12.5,3,8,28,0,50.6,75.1,55.6,84.3,54.4,53.6,135,0,26,4.4,11,252,6,21,90.5,228,25.4,64,70.6,41,1,13.5,34,174,116,5.5,8.3,0.76
Justin Peelle,1104,TE,MIA,16,3,7,70.7,,0,0,1,9.4,3,12,17,0,58,76.5,65.8,59,59.9,53.7,168,0,35,25.6,80,313,2,29,71.9,225,19.8,62,100.5,41,2,1.6,5,228,158,5.4,7.9,1.01
Kevin Jones,1751,HB,DET,13,0.9,8,78,,0,0,1,13.5,5,6,11,0,53.1,66.4,70.4,70.5,56.1,0.9,3,1,16,14.5,46,317,1,32,82.6,262,1.9,6,76.5,41,0,2.8,9,197,210,6.6,6.2,0.75
Selvin Young,4109,HB,DEN,15,0.2,7,85.4,,0,0,1,12.5,5,12,10,1,45.7,65,69.5,73.1,48.2,0.7,2,1,24,22.5,69,306,2,35,75.2,230,1,3,80.3,41,0,4.6,14,234,278,7.9,6.7,1.02
Justin McCareins,872,WR,NYJ,16,13,4,47.5,,0,0,0,17.4,4,13,22,0,29.8,74.1,53.8,,52.3,0,0,2,51,0,0,349,2,19,96.3,336,15.2,53,45,40,0,84.2,294,232,42,2.2,12.2,0.69
Derrick Ward,1949,HB,NYG,8,0.3,5,66.7,,0,0,0,16.1,5,7,21,0,35.9,54.7,65.1,90.9,48.6,0,0,1,17,35.2,81,230,0,26,61.3,141,1.7,4,74.6,39,1,1.3,3,179,194,7.5,6.9,1.27
Billy Miller,534,TE,NO,16,6.9,5,69.2,,0,0,0,0,0,20,20,0,87,76,79.3,59.6,84.7,66.4,160,1,57,24.9,60,241,4,27,72.6,175,21.2,51,101.2,39,2,5.4,13,328,185,6.9,12.1,1.87
Chester Taylor,1182,HB,MIN,14,0.3,4,74.4,,0,0,0,14.7,5,12,18,0,51.6,27.7,70.2,71.6,56.1,0,0,0,50,22.9,64,279,1,29,73.1,204,0.4,1,94.5,39,0,2.9,8,285,280,9.7,9.8,1.4
Aaron Stecker,572,HB,NO,15,-0.6,4,94.7,,0,0,0,2.7,1,11,20,0,81.8,60.8,64.3,66.4,75.4,0,0,0,26,20.4,44,216,0,36,74.1,160,10.6,23,89.8,38,0,6.5,14,211,232,6.4,5.9,1.32
Brian Leonard,3668,FB,SL,16,0.3,3,78.9,,0,0,0,11.8,4,8,26,0,69.1,66.2,64,62.9,56.4,1,3,2,16,32.2,97,301,0,30,65.1,196,1.7,5,64.8,38,0,2,6,183,170,5.7,6.1,0.93
Visanthe Shiancoe,1406,TE,MIN,16,10,2,71.1,,0,0,0,6.9,2,11,18,0,66.2,76.1,55.7,48.8,52,83.2,306,2,79,9.8,36,368,8,27,86.1,317,11.4,42,83.7,38,1,3.3,12,324,121,4.5,12,1.02
Vernand Morency,2290,HB,GB,13,-0.2,5,81.1,,0,0,0,3.2,1,9,12,1,77.3,57.7,71.7,88,72.6,0.7,1,0,18,22.4,33,147,1,30,72.8,107,2,3,89.1,37,0,2.7,4,199,232,7.7,6.6,1.86
Larry Johnson,1343,HB,KC,8,-2.2,4,81.1,,0,0,0,9.1,3,9,16,0,67.3,81.4,56.9,39.3,63.7,0,0,1,30,15.7,33,210,3,30,81.4,171,1.9,4,85.4,37,1,1.9,4,186,256,8.5,6.2,1.09
Troy Williamson,2224,WR,MIN,11,16.3,1,48.6,,0,0,0,21.7,5,9,18,0,28.6,74.9,65.6,,63.7,0,0,0,60,0,0,172,1,18,96.5,166,5.8,10,78.2,37,1,94.2,162,236,50,2.8,13.1,1.42
Samie Parker,1826,WR,KC,15,10.3,3,64.9,,0,0,0,4,1,15,16,0,74.2,76.2,58.3,62.3,58.1,0,0,1,24,0.3,1,362,0,24,95,344,43.1,156,95.9,37,2,56.9,206,293,103,4.3,12.2,0.85
DeShaun Foster,1041,HB,CAR,16,0.5,8,67.6,,0,0,0,13.8,4,7,5,2,43.1,27,50.2,57.3,39.5,0,0,0,23,21.3,51,240,2,25,75,180,3.3,8,88.6,37,1,4.2,10,188,193,7.7,7.5,1.04
J.J. Arrington,2261,HB,ARZ,16,-0.3,5,78.4,,0,0,0,9.4,3,10,1,0,59.5,81.8,57.7,73.7,62.5,0,0,1,32,24.3,62,255,1,29,71,181,6.3,16,91.6,37,1,4.3,11,241,287,9.9,8.3,1.33
Devin Hester,3002,WR,CHI,15,13,6,56.8,,0,0,0,16,4,12,6,0,39.1,77,68.2,,70,0,0,2,81,0,0,169,2,21,94.1,159,5.9,10,78.5,37,2,94.1,159,299,138,6.6,14.2,1.88
Jerheme Urban,1709,WR,ARZ,10,13.4,1,61.1,,0,0,0,15.4,4,16,1,0,40.4,75.1,58.8,65.4,60.9,0,0,2,42,0.5,1,212,1,22,94.8,201,84.9,180,86.5,36,2,13.2,28,329,79,3.6,15,1.64
Chris Henry,2300,WR,CIN,8,19.7,2,58.3,,0,0,0,19.2,5,14,7,0,29.7,74.6,65.6,,65.6,0,0,1,52,0,0,219,0,21,95.4,209,6.4,14,97.3,36,2,93.6,205,343,47,2.2,16.3,1.64
Ben Utecht,2199,TE,IND,14,6.6,1,86.1,,0,0,0,0,0,20,14,3,88,17.6,72.2,58.1,73.9,87,280,1,30,28.9,93,322,4,31,69.6,224,9.6,31,106.5,36,1,0.6,2,364,169,5.5,11.7,1.63
Jamal Lewis,583,HB,CLV,14,0.2,4,83.3,,0,0,0,3.2,1,9,8,0,77.8,67.7,59.9,56.7,65.8,0,0,1,34,21.9,58,265,2,30,75.8,201,1.9,5,102.3,36,2,0.8,2,248,236,7.9,8.3,1.23
Sam Hurd,3362,WR,DAL,16,12.3,3,52.8,,0,0,0,0,0,17,9,0,84.1,74.6,64.8,,63.6,0,0,1,51,0,0,326,1,19,96.6,315,10.7,35,80.1,36,1,89.3,291,314,99,5.2,16.5,1
Lorenzo Booker,3687,HB,MIA,7,1,5,80,,0,0,0,6.7,2,13,17,0,67.3,81.9,71.9,74.8,83.2,0,0,0,22,17.9,24,134,0,28,79.1,106,8.2,11,94.9,35,0,3,4,237,215,7.7,8.5,2.24
Jason Wright,2212,HB,CLV,16,2.4,4,68.6,,0,0,0,4,1,14,8,0,73.5,59,71.8,80.2,64.3,0,0,2,23,30,97,323,0,24,66.6,215,2.8,9,63.2,35,0,1.5,5,233,196,8.2,9.7,1.08
Brandon Jacobs,2327,HB,NYG,11,-0.4,7,65.7,,0,0,0,28.1,9,7,21,1,27.5,32.8,63,77.9,28.6,0,0,0,34,39.7,102,257,0,23,59.9,154,0.8,2,96.6,35,2,0.4,1,174,189,8.2,7.6,1.13
Jerious Norwood,3024,HB,ATL,15,0,7,80,,0,0,0,6.7,2,12,2,0,69.1,89.2,76.3,81.3,65.8,0,0,0,46,25.3,56,221,0,28,71.5,158,0,0,99.6,35,0,12.7,28,277,309,11,9.9,1.75
Devard Darling,1803,WR,BLT,13,15.9,3,51.4,,0,0,0,18.2,4,16,3,0,33.8,74.1,65.2,,64.5,0.4,1,2,53,0,0,230,0,18,95.2,219,10.9,25,88.5,35,3,88.7,204,326,89,4.9,18.1,1.49
Michael Gaines,1946,TE,BUF,15,3,9,71.4,,0,0,0,19.4,6,13,4,0,29.4,75.5,71.9,72,67.9,62.5,140,0,20,33,74,224,4,25,65.2,146,8.5,19,106.3,35,2,2.7,6,215,175,7,8.6,1.47
Marcus Pollard,151,TE,SEA,14,5.3,2,80,,0,0,0,9.7,3,15,29,0,56.4,76.2,65.6,71.9,64.3,90.2,249,1,22,16.3,45,276,3,28,81.9,226,5.1,14,106.3,35,2,4,11,273,136,4.9,9.8,1.21
Michael Clayton,1736,WR,TB,14,9.7,6,62.9,,0,0,1,18.5,5,14,30,1,29.9,26.7,58.8,,55.9,0,0,0,39,0,0,268,1,22,95.5,256,16.4,44,90.3,35,0,83.2,223,301,128,5.8,13.7,1.18
Koren Robinson,2864,WR,GB,9,7.9,3,61.8,,0,0,0,8.7,2,11,12,0,60.7,75.2,74,,70.8,0,0,3,43,0,0,135,0,21,97.8,132,34.1,46,56.1,34,1,65.9,89,241,124,5.9,11.5,1.83
Robert Royal,1151,TE,BUF,16,4.3,1,73.5,,0,0,1,0,0,10,4,2,86.5,19.6,54.7,65.8,50.4,47.6,195,0,28,21.7,89,410,5,25,75.9,311,20.2,83,123.2,34,3,10.5,43,248,157,6.3,9.9,0.8
Brandon Jones,2313,WR,TEN,9,12.7,3,61.8,,0,0,0,12.5,3,11,31,1,49.1,25.7,68.2,,68,0,0,0,35,0,0,148,1,21,98,145,8.8,13,103.6,34,2,91.2,135,248,72,3.4,11.8,1.71
Ryan Grant,2609,HB,GB,14,-1.1,2,88.2,,0,0,0,3.2,1,8,12,1,78.4,80.1,72.6,69.7,60.8,0,0,0,21,18.9,33,175,0,30,78.9,138,3.4,6,84.4,34,0,0.6,1,145,188,6.3,4.8,1.05
Jesse Chatman,2861,HB,MIA,12,1,6,79.4,,0,0,0,6.9,2,8,17,1,66.3,73,76.7,72,61.9,0.5,1,0,22,31.8,63,198,0,27,66.7,132,0.5,1,86.4,34,0,1,2,161,138,5.1,6,1.22
Leonard Pope,3017,TE,ARZ,13,9.3,1,67.6,,0,0,0,11.5,3,13,1,1,41.7,25.6,58.9,71.4,63,88,219,3,31,28.9,72,249,9,23,68.3,170,10.4,26,90.4,34,5,1.6,4,238,78,3.4,10.3,1.4
DeAngelo Williams,2972,HB,CAR,16,-1.8,3,67.6,,0,0,0,14.8,4,7,5,1,40,75.1,66,74.8,33.5,0,0,0,30,16.8,55,327,1,23,79.2,259,3.4,11,89.7,34,1,3.7,12,175,224,9.7,7.6,0.68
Sinorice Moss,2989,WR,NYG,13,10.7,3,63.6,,0,0,0,4.5,1,12,21,1,71.3,75,58.2,,58.1,0,0,0,20,0,0,238,1,21,94.1,224,3.8,9,83.5,33,0,96.2,229,225,72,3.4,10.7,1
Justin Griffith,1433,FB,OAK,16,2.3,5,78.8,,0,0,1,3.7,1,7,23,0,64.5,77.7,70.3,81.3,54.6,3.2,7,0,29,14.2,31,219,3,26,77.6,170,0.9,2,97.6,33,1,10.5,23,165,128,4.9,6.3,0.97
Lamont Jordan,819,HB,OAK,12,-0.3,5,81.8,,0,0,0,6.9,2,11,23,0,68,72.6,57.6,54.1,67.9,0,0,0,27,25,52,208,0,27,69.7,145,0.5,1,97.6,33,0,2.9,6,245,268,9.9,9.1,1.69
Edgerrin James,439,HB,ARZ,16,1.5,7,72.7,,0,0,0,17.2,5,10,1,1,34.7,54.6,60.7,71.1,41.9,0,0,0,26,29.9,103,344,2,24,67.4,232,7.6,26,89,33,0,0.6,2,208,206,8.6,8.7,0.9
Michael Pittman,382,HB,TB,10,3.2,1,78.8,,0,0,1,7.1,2,11,30,1,64.3,61,58.8,73.7,55.7,1.3,2,0,16,18.5,29,157,1,26,77.7,122,2.5,4,90.8,33,0,8.9,14,191,165,6.3,7.3,1.57
Jason Avant,3054,WR,PHI,15,9.8,2,69.7,,0,0,0,4.2,1,15,24,0,73.7,75.6,74.4,,72.8,1,2,2,31,0,0,192,1,23,95.8,184,95.8,184,88.8,33,2,3.1,6,267,53,2.3,11.6,1.45
Vonta Leach,2100,FB,HST,16,1.7,2,78.1,,0,0,0,10.7,3,7,13,2,52.9,19.8,65.2,71.6,30.4,1.4,3,0,15,13.5,28,208,0,25,83.7,174,0,0,101.6,32,2,1,2,108,89,3.6,4.3,0.62
Marvin Harrison,162,WR,IND,5,12.8,0,62.5,,0,0,0,0,0,12,14,0,83.6,74.4,79.5,,80.3,0,0,0,42,0,0,142,0,20,100,142,3.5,5,96.7,32,1,96.5,137,247,39,2,12.4,1.74
Keenan McCardell,19,WR,WAS,9,11.5,4,71,,0,0,0,8.3,2,16,32,0,60.5,74.9,73.5,,73.4,0,0,0,32,0,0,160,0,22,96.3,154,36.9,59,106.4,31,1,62.5,100,256,53,2.4,11.6,1.66
Bubba Franks,592,TE,GB,8,7.2,2,58.1,,0,0,0,10,2,7,12,0,69,73.9,72.3,78.6,66.7,79.4,123,1,24,9,14,155,0,18,86.5,134,15.5,24,87,31,3,0.6,1,132,47,2.6,7.3,0.99
Todd Heap,801,TE,BLT,6,9,1,74.2,,0,0,0,4.2,1,14,3,0,73.5,75.3,79.6,82.2,84,74.1,137,3,37,10.8,20,185,2,23,86.5,160,17.8,33,67.2,31,1,4.9,9,239,78,3.4,10.4,1.49
Musa Smith,1392,HB,BLT,16,-0.1,4,87.1,,0,0,1,3.6,1,8,3,0,76,62.8,62.7,74.8,66.4,0,0,0,29,51.9,150,289,1,27,46.7,135,1.4,4,92.5,31,0,2.8,8,192,191,7.1,7.1,1.42
Justin Fargas,1410,HB,OAK,14,1.1,3,74.2,,0,0,0,11.5,3,11,23,0,35,70.4,65.8,68.4,47.6,0,0,1,17,19,42,221,0,23,75.6,167,0.5,1,75.7,31,0,3.2,7,188,196,8.5,8.2,1.13
Maurice Morris,1061,HB,SEA,14,3.9,3,76.7,,0,0,0,4.2,1,8,29,0,73.6,74.3,58.1,77.8,59.6,0,0,0,34,21.4,56,262,0,23,76.7,201,1.5,4,106.7,30,1,19.5,51,213,174,7.6,9.3,1.06
Ladell Betts,1063,HB,WAS,16,-0.8,4,73.3,,0,0,0,8.3,2,7,32,0,60.5,67,59.8,71.1,67.4,0,0,0,28,30.8,61,198,0,22,66.7,132,0,0,99.2,30,1,0,0,179,208,9.5,8.1,1.36
Daniel Graham,1028,TE,DEN,15,6.8,0,80,,0,0,0,4,1,13,10,0,63.2,75.5,69.5,52,56.4,78,327,0,28,27.7,116,419,6,24,69.5,291,13.8,58,123.1,30,2,2.4,10,246,105,4.4,10.3,0.85
Craig Davis,3646,WR,SD,13,9.2,2,66.7,,0,0,0,9.1,2,12,27,0,58.6,75.5,63.7,,61.2,0,0,2,18,0,0,226,0,20,96.9,219,43.8,99,67.1,30,1,56.2,127,188,78,3.9,9.4,0.86
Cedrick Wilson,901,WR,PIT,16,9.7,0,60,,0,0,0,5.3,1,13,25,0,56.1,75,64.8,,62.9,0,0,2,18,0,0,242,1,18,96.3,233,14.9,36,64.2,30,1,84.7,205,207,44,2.4,11.5,0.89
Rashied Davis,2554,WR,CHI,16,8.3,2,56.7,,0,0,0,19,4,8,6,0,30,73.6,50,,49.4,0,0,1,36,0,0,217,0,17,98.2,213,97.7,212,58.3,30,0,2.3,5,165,61,3.6,9.7,0.77
Thomas Jones,585,HB,NYJ,16,-0.6,3,93.3,,0,0,0,0,0,8,22,0,76.8,69.1,65.8,84.2,65.6,0,0,0,25,43.3,166,383,1,28,54.3,208,1,4,107.9,30,1,3.1,12,217,236,8.4,7.8,1.04
LenDale White,2990,HB,TEN,16,2,1,69,,0,0,1,9.1,2,7,31,0,58.1,47.1,58,77.2,48,0.3,1,1,15,22.5,69,307,1,20,76.2,234,0,0,61.6,29,0,2.3,7,114,131,6.6,5.7,0.49
Antonio Chatman,946,WR,CIN,12,7.4,0,67.9,,0,0,0,9.5,2,9,7,0,56.9,74.5,65.5,,67.1,0,0,1,15,0,0,136,1,19,94.9,129,39.7,54,77.8,28,1,60.3,82,149,71,3.7,7.8,1.16
Ben Obomanu,3194,WR,SEA,13,14.5,2,42.9,,0,0,0,20,3,9,29,0,34.1,72.3,61.1,,60.5,0.5,1,1,30,0,0,186,1,12,97.3,181,30.6,57,61.6,28,1,68.8,128,180,53,4.4,15,0.99
Ruvell Martin,2111,WR,GB,15,15.8,1,57.1,,0,0,0,11.1,2,15,12,1,53.3,26.3,62.9,,60.3,0,0,0,36,0,0,252,0,16,95.2,240,19,48,125.3,28,4,81,204,242,65,4.1,15.1,1.01
Fred Jackson,3368,HB,BUF,8,0,7,78.6,,0,0,1,0,0,7,4,0,85.7,85.3,83.1,66.5,89.6,0,0,0,54,40.1,55,137,1,22,56.9,78,2.2,3,94.9,28,0,1.5,2,190,210,9.5,8.6,2.44
Kolby Smith,3764,HB,KC,9,0,6,78.6,,0,0,0,15.4,4,6,16,0,50.4,89.3,62.5,65.7,46.9,0,0,0,21,19.3,44,228,1,22,75.9,173,2.2,5,89.4,28,0,2.6,6,153,155,7,7,0.88
Willie Parker,2142,HB,PIT,15,1.4,5,85.2,,0,0,0,8,2,7,25,0,62.6,59.8,53.5,73.9,55.6,1.2,3,0,22,29.5,72,244,1,23,68,166,4.9,12,92,27,0,3.7,9,164,138,6,7.1,0.99
Sean McHugh,1955,TE,DET,15,6.2,1,63,,0,0,0,10.5,2,13,11,0,54.5,73.6,66.3,67,67.4,84.8,273,0,46,43.2,139,322,2,17,55.3,178,4.3,14,93.4,27,0,1.6,5,252,150,8.8,14.8,1.42
Reggie Kelly,468,TE,CIN,15,7.9,0,76.9,,0,0,0,4.8,1,7,7,0,70.5,74.4,66.3,81.9,43.9,51.9,238,0,26,19.2,88,459,4,20,77.8,357,15.7,72,100,26,0,2,9,211,46,2.3,10.6,0.59
Bryan Fletcher,1184,TE,IND,12,6.1,1,69.2,,0,0,0,0,0,10,14,0,83.6,74.4,62.1,58.3,62,74.2,161,1,21,15.7,34,217,3,18,81.1,176,22.1,48,66.7,26,0,2.3,5,143,44,2.4,7.9,0.81
Cedric Benson,2221,HB,CHI,11,-0.5,4,65.4,,0,0,0,22.7,5,5,6,0,28.8,53.2,42.4,58,37.1,0.6,1,0,19,32,55,172,0,17,66.3,114,2.9,5,76.3,26,0,3.5,6,123,134,7.9,7.2,1.08
Eddie Kennison,161,WR,KC,7,12.9,1,52,,0,0,0,7.1,1,6,16,0,64.4,73.5,55.3,,56.4,0,0,4,18,0,0,172,1,13,95.3,164,18,31,22.7,25,0,82,141,101,26,2,7.8,0.62
Julius Jones,1764,HB,DAL,16,-0.7,8,92,,0,0,0,4.2,1,10,9,0,74.2,90.4,64.1,72.1,71.7,0,0,0,24,31.7,93,293,0,23,65.5,192,0,0,100.5,25,0,0.3,1,203,222,9.7,8.8,1.06
Najeh Davenport,1131,HB,PIT,15,4,6,68,,0,0,0,26.1,6,5,25,0,27.9,88.6,67.9,79.5,45,0.5,1,0,32,35,71,203,1,17,63.1,128,4.4,9,110.8,25,2,0.5,1,152,99,5.8,8.9,1.19
Ashley Lelie,1026,WR,SF,13,16.3,0,40,,0,0,2,9.1,1,4,28,1,58.9,19.8,47.4,,48,0,0,1,47,0,0,227,3,10,95.6,217,8.8,20,37.9,25,0,91.2,207,115,23,2.3,11.5,0.53
Marshawn Lynch,3628,HB,BUF,13,1.1,9,75,,0,0,0,5.3,1,10,4,1,70.3,75.8,80.1,55.3,61.1,0,0,0,30,36,77,214,1,18,62.6,134,1.4,3,96.9,24,0,1.9,4,186,209,11.6,10.3,1.39
Will Heller,1623,TE,SEA,15,6.6,0,54.2,,0,0,0,23.5,4,5,29,0,34.3,72.3,52.3,78.7,39.9,93.8,165,0,25,11.4,20,176,1,13,87.5,154,1.1,2,101,24,3,5.1,9,82,45,3.5,6.3,0.53
Glenn Martinez,2112,WR,DEN,12,11,0,58.3,,0,0,0,12.5,2,9,10,0,49.8,72.7,53.8,65.7,54.8,0,0,0,23,0.5,1,213,3,14,96.2,205,25.8,55,81.1,24,0,74.2,158,175,50,3.6,12.5,0.85
Shaun Alexander,597,HB,SEA,13,-0.1,3,60.9,,0,0,0,30,6,4,29,0,27.3,67.5,48.3,44.7,29.8,0,0,0,18,19.1,44,230,0,14,79.1,182,1.7,4,81.1,23,1,6.5,15,76,79,5.6,5.4,0.42
Lawrence Vickers,3125,FB,CLV,16,1.9,2,56.5,,0,0,0,31.6,6,7,8,0,26.4,77.8,60.9,47.2,30,3,6,0,25,20.7,41,198,0,13,77.3,153,8.1,16,94.7,23,2,6.6,13,91,75,5.8,7,0.59
Aaron Moorehead,1665,WR,IND,6,15,0,34.8,,0,0,0,27.3,3,4,14,0,28.8,70.1,52.9,,49.6,0,0,3,16,0,0,148,0,8,94.6,140,9.5,14,4,23,0,90.5,134,65,10,1.3,8.1,0.46
Jacoby Jones,3689,WR,HST,14,7.3,1,65.2,,0,0,0,11.8,2,9,13,1,51.8,23.8,61.7,,60.3,0,0,1,26,0,0,125,0,15,96.8,121,59.2,74,65.3,23,0,40,50,149,50,3.3,9.9,1.23
Adrian Peterson,3623,HB,MIN,14,0,6,86.4,,0,0,0,13.6,3,13,18,0,44.9,52,90.8,54.5,66.5,0,0,0,60,24.9,48,193,1,19,73.6,142,1.6,3,132.6,22,1,2.1,4,268,289,15.2,14.1,1.89
George Wrighster,1417,TE,JAX,11,5,0,77.3,,0,0,0,10.5,2,6,15,0,55.6,73.9,65.1,37.3,61.7,78.7,111,0,36,8.5,12,141,1,17,85.1,120,9.2,13,104.9,22,1,7.8,11,123,74,4.4,7.2,1.03
Michael Sellers,432,FB,WAS,14,2.5,5,77.3,,0,0,1,15,3,7,32,1,41.9,49.2,52.4,67.1,49.7,31.8,75,0,24,47.9,113,236,4,17,50,118,3.8,9,103.8,22,1,1.7,4,117,73,4.3,6.9,0.99
Mike Williams,2227,WR,TEN,8,9,1,31.8,,0,0,0,36.4,4,4,31,1,27.2,19.4,51.7,,49,0,0,1,24,0.8,1,131,1,7,91.6,120,33.6,44,26.7,22,0,64.9,85,90,34,4.9,12.9,0.75
Kenton Keith,4131,HB,IND,16,1.3,5,59.1,,0,0,0,31.6,6,3,14,0,27,70.4,61.2,45.1,29.4,0,0,0,14,21.9,37,169,0,13,74.6,126,0.6,1,81.1,22,1,3.6,6,77,75,5.8,5.9,0.61
Glenn Holt,3355,WR,CIN,9,9.5,1,76.2,,0,0,0,0,0,10,7,0,81.7,74.2,78.3,,75,0,0,0,22,0,0,122,0,16,98.4,120,20.5,25,109.8,21,1,79.5,97,143,43,2.7,8.9,1.19
Anthony Fasano,2998,TE,DAL,16,7.8,2,66.7,,0,0,0,12.5,2,6,9,0,49.8,72.7,60.3,68.1,54.3,63.8,143,0,26,15.2,34,224,2,14,81.3,182,20.1,45,101.9,21,1,8.5,19,143,56,4,10.2,0.79
Chris Brown,1407,HB,TEN,12,-1,6,90.5,,0,0,0,0,0,7,31,0,83.2,46.4,75.8,89.7,73.2,0.5,1,0,16,31.6,60,190,0,19,66.3,126,0,0,92.1,21,0,0,0,128,140,7.4,6.7,1.02
Ron Dayne,589,HB,HST,13,-0.5,2,81,,0,0,0,5.6,1,4,13,0,68.7,80.2,56.2,75.1,62.1,0,0,0,17,32.4,73,225,1,17,65.3,147,0,0,88.9,21,0,0.9,2,112,121,7.1,6.6,0.76
Brent Celek,3778,TE,PHI,16,8.2,1,76.2,,0,0,0,0,0,10,24,0,82.4,73.5,69.3,54.2,70.2,80.2,211,0,29,39.2,103,263,2,16,59.3,156,16,42,116.8,21,1,1.5,4,178,79,4.9,11.1,1.14
Greg Lewis,1650,WR,PHI,15,18.7,1,61.9,,0,0,0,0,0,11,24,0,80,72.7,67.6,,69.4,0,0,2,50,0,0,153,2,13,96.1,147,79.1,121,105.8,21,3,20.9,32,265,64,4.9,20.4,1.8
Hank Baskett,3220,WR,PHI,16,7.2,0,76.2,,0,0,0,0,0,5,24,0,82.2,73.6,62.4,70.6,58.7,5.7,10,1,25,2.9,5,174,0,16,94.3,164,68.4,119,89.8,21,1,25.3,44,142,35,2.2,8.9,0.87
Brandon Jackson,3679,HB,GB,11,-1.1,8,76.2,,0,0,0,11.1,2,6,12,0,54.5,86.4,70.2,70.1,65.6,3.5,4,0,16,22.1,25,113,0,16,74.3,84,0,0,91.4,21,0,3.5,4,130,145,9.1,8.1,1.55
Jerramy Stevens,1035,TE,TB,14,8.3,1,90,,0,0,0,0,0,11,30,0,83.2,23.9,62.2,77.8,61.8,59.5,132,0,24,4.5,10,222,1,18,90.1,200,23,51,145.6,20,4,17.6,39,189,49,2.7,10.5,0.95
Correll Buckhalter,869,HB,PHI,14,0.2,1,60,,0,0,0,29.4,5,7,24,0,27.6,84.8,67.9,62.1,35.2,0.7,1,0,14,23,31,135,0,12,74.1,100,1.5,2,70.2,20,0,0.7,1,87,82,6.8,7.3,0.87
Michael Bennett,797,HB,TB,13,0.1,6,80,,0,0,0,11.1,2,5,30,2,54.3,29.5,58.9,57.3,55.7,0,0,0,23,23,23,100,0,16,73,73,7,7,125.8,20,2,3,3,124,143,8.9,7.8,1.7
Cecil Sapp,1695,FB,DEN,16,0.8,0,70,,0,0,0,17.6,3,3,10,0,36,78.6,61.9,62.7,39.7,0.6,1,0,16,29.4,48,163,0,14,69.3,113,1.8,3,89.6,20,1,2.5,4,51,49,3.5,3.6,0.45
Steve Heiden,481,TE,CLV,16,7.1,0,60,,0,0,0,0,0,4,8,0,80,72.3,64.3,79.6,49,47.9,140,2,27,27.4,80,292,0,12,69.2,202,22.9,67,34.2,20,0,8.6,25,104,31,2.6,8.7,0.51
B.J. Askew,1400,FB,TB,13,1.1,8,94.7,,0,0,0,5.3,1,9,30,0,69,73.9,85.7,79.5,84.5,5.8,9,0,22,22.7,35,154,0,18,74,114,4.5,7,105,19,0,7.8,12,175,154,8.6,9.7,1.54
Reche Caldwell,1055,WR,WAS,8,10.3,1,78.9,,0,0,0,0,0,8,32,0,81.1,73,63.2,,62.5,0,0,0,19,0,0,146,0,15,97.3,142,6.8,10,97.6,19,0,93.2,136,141,13,0.9,9.4,0.99
Anthony Thomas,808,HB,BUF,10,-0.9,4,78.9,,0,0,1,6.3,1,3,4,0,65.9,82.3,67.5,80.7,75.6,0,0,1,11,49.6,67,135,1,15,49.6,67,0.7,1,83.1,19,1,0,0,95,109,7.3,6.3,1.42
Tim Carter,1053,WR,CLV,16,17.2,0,42.1,,0,0,0,20,2,7,8,0,38.7,70.6,49.3,,49.6,0,0,2,22,0,0,294,1,8,95.6,281,22.8,67,40.8,19,1,77.2,227,117,19,2.4,14.6,0.42
Craphonso Thorpe,2333,WR,IND,4,9.3,0,63.2,,0,0,1,0,0,4,14,0,79.4,71.9,68.1,,68,0,0,0,12,0,0,82,1,12,93.9,77,3.7,3,87.6,19,1,96.3,79,70,18,1.5,5.8,0.91
Bryan Gilmore,727,WR,SF,9,15.9,0,38.9,,0,0,0,22.2,2,7,28,0,52.5,70.3,58.7,,57.4,0,0,1,42,0,0,128,0,7,96.9,124,30.5,39,37,18,0,68.8,88,111,23,3.3,15.9,0.9
Aundrae Allison,3762,WR,MIN,10,14.5,2,44.4,,0,0,0,11.1,1,5,18,1,54.9,20.3,57.2,,57.2,0,0,0,35,0,0,106,0,8,94.3,100,20.8,22,67.4,18,0,78.3,83,122,51,6.4,15.3,1.22
Tatum Bell,1762,HB,DET,5,-0.4,1,77.8,,0,0,0,12.5,2,2,11,0,51.5,48.2,50.4,46.3,48.1,0,0,0,15,24.5,34,139,1,14,71.9,100,0.7,1,81.3,18,0,2.2,3,63,73,5.2,4.5,0.63
Ben Hartsock,1789,TE,TEN,16,6.2,2,66.7,,0,0,0,7.7,1,7,31,0,79.4,71.9,71.7,82.9,56.8,81.6,160,0,27,21.4,42,196,1,12,77.6,152,15.8,31,89.6,18,0,1.5,3,138,69,5.8,11.5,0.91
Matt Schobel,1074,TE,PHI,15,9.1,0,61.1,,0,0,0,0,0,6,24,0,80.3,72.2,63.7,81.6,63.6,81,115,0,18,11.3,16,142,0,11,85.2,121,12.7,18,96.5,18,1,5.6,8,108,24,2.2,9.8,0.89
Terrance Copper,2016,WR,NO,14,6.8,0,83.3,,0,0,0,6.3,1,7,20,0,65.9,73,61.6,,58.7,0,0,0,21,0,0,128,0,15,96.1,123,36.7,47,132.9,18,2,63.3,81,126,54,3.6,8.4,1.02
Pierre Thomas,4080,HB,NO,10,-0.5,0,94.4,,0,0,0,0,0,9,20,0,82.7,84.3,82.1,25.1,72.2,0,0,0,17,15.6,17,109,0,17,80.7,88,5.5,6,120.1,18,1,5.5,6,151,160,9.4,8.9,1.72
James Thrash,323,WR,WAS,12,17.9,0,52.9,,0,0,1,0,0,4,32,0,78,71.1,58.7,,54.7,0,0,1,31,0,0,152,1,9,96.1,146,14.5,22,87.1,17,2,85.5,130,107,25,2.8,11.9,0.73
Mike Karney,1875,FB,NO,16,0.7,0,76.5,,0,0,0,13.3,2,3,20,0,50.1,76.8,52.6,57.3,44,4.4,9,0,11,27.1,55,203,3,13,70.4,143,8.4,17,84.9,17,0,0.5,1,78,70,5.4,6,0.55
Mark Bradley,2256,WR,CHI,15,15.9,1,35.3,,0,0,0,14.3,1,3,6,0,49.2,68.8,57.3,,57.5,0,0,2,19,0,0,83,0,6,96.4,80,8.4,7,28.9,17,1,91.6,76,71,23,3.8,11.8,0.89
Ahman Green,374,HB,HST,6,-0.5,1,82.4,,0,0,0,6.7,1,2,13,0,64.7,85.7,66.4,74.3,57.5,0,0,0,53,18.6,21,113,1,14,77.9,88,0,0,96.8,17,0,6.2,7,123,139,9.9,8.8,1.4
Travis Minor,846,HB,SL,7,0.1,4,70.6,,0,0,0,14.3,2,5,26,0,47.7,78.5,60.5,45.8,60.5,0,0,0,20,35.2,25,71,0,12,62,44,0,0,82,17,0,1.4,1,86,84,7,7.2,1.95
Dominic Rhodes,979,HB,OAK,6,-0.6,5,68.8,,0,0,0,15.4,2,1,23,0,44.2,59.6,63.1,57.1,48.3,0,0,1,17,20.2,18,89,0,11,74.2,66,0,0,51.6,16,0,1.1,1,70,73,6.6,6.4,1.06
Sean Morey,538,WR,ARZ,8,10.1,0,50,,0,0,0,20,2,4,1,0,35.3,70.1,54.1,,54,0,0,0,62,0,0,95,0,8,96.8,92,88.4,84,77.9,16,0,10.5,10,131,69,8.6,16.4,1.42
Greg Jones II,1776,FB,JAX,16,1.1,5,68.8,,0,0,0,0,0,8,15,0,78.7,82.4,81.6,79.2,64.4,3,6,1,27,20.2,41,203,1,11,74.9,152,1.5,3,98.7,16,2,3.9,8,99,94,8.5,9,0.65
Greg Estandia,3597,TE,JAX,9,13.6,1,56.3,,0,0,0,18.2,2,5,15,0,38.7,70.6,68.8,80.1,70.2,87.5,63,0,30,22.2,16,72,1,9,76.4,55,6.9,5,84.4,16,0,2.8,2,136,37,4.1,15.1,2.47
Aveion Cason,945,HB,DET,10,1.3,0,87.5,,0,0,0,6.7,1,5,11,1,66.7,27,61.9,87.9,54.9,0,0,0,20,11,11,100,0,14,85,85,9,9,100.3,16,0,6,6,129,108,7.7,9.2,1.52
Maurice Hicks,1253,HB,SF,16,1.6,1,87.5,,0,0,0,6.7,1,3,28,0,64.7,29.6,66.4,74.2,62.6,0,0,0,11,31.8,35,110,0,14,66.4,73,3.6,4,89.1,16,0,0.9,1,86,65,4.6,6.1,1.18
David Anderson,3196,WR,HST,6,9.1,0,80,,0,0,0,0,0,9,13,0,79.4,71.9,69.4,,67.6,0,0,0,24,0,0,129,0,12,97.7,126,67.4,87,125.3,15,1,32.6,42,131,27,2.3,10.9,1.04
Devin Aromashodu,3178,WR,IND,6,10.8,1,46.7,,0,0,0,12.5,1,5,14,0,54.9,70.1,62.3,,61.5,0,0,0,28,0,0,93,1,7,96.8,90,17.2,16,67.6,15,0,82.8,77,96,36,5.1,13.7,1.07
Kyle Brady,118,TE,NE,14,8,0,60,,0,0,1,0,0,6,19,0,77.3,70.6,65.9,66.9,54.8,69.9,151,1,20,36.6,79,216,4,9,60.2,130,29.2,63,83.3,15,2,0,0,70,25,2.8,7.8,0.54
Marques Hagans,3089,WR,SL,3,10.4,0,53.3,,0,0,0,20,2,6,26,0,35.3,71.5,62.6,,62.5,0,0,0,23,0,0,83,0,8,95.2,79,63.9,53,74.6,15,0,36.1,30,101,24,3,12.6,1.28
Rudi Johnson,857,HB,CIN,11,-0.4,2,86.7,,0,0,0,0,0,3,7,0,63.5,46.9,51.2,49.5,51.6,0,0,0,33,14.5,27,186,1,13,81.2,151,1.6,3,119.4,15,1,1.1,2,110,117,9,8.5,0.73
Daniel Coats,3908,TE,CIN,15,5.6,2,80,,0,0,0,14.3,2,7,7,0,31.6,71.9,60.7,75.2,55.5,42.1,61,0,25,15.2,22,145,0,12,80.7,117,20.7,30,100.6,15,0,9.7,14,122,48,4,10.2,1.04
Darius Walker,4248,HB,HST,4,1,4,92.9,,0,0,0,0,0,5,13,0,80,84.5,60.3,51.6,66.1,0,0,0,9,10,9,90,0,13,90,81,0,0,90.8,14,0,8.9,8,81,71,5.5,6.2,1
Tim Dwight,390,WR,OAK,6,19.6,0,42.9,,0,0,0,14.3,1,4,23,0,49.7,70.6,55.8,,55.8,0,0,2,28,0,0,108,1,6,95.4,103,19.4,21,67,14,2,80.6,87,98,10,1.7,16.3,0.95
Reuben Droughns,640,HB,NYG,15,0.2,0,50,,0,0,0,12.5,1,1,21,0,52.1,62.8,55.4,56.6,44.7,0.8,1,1,11,29.4,37,126,0,7,69,87,0.8,1,28.6,14,0,3.2,4,49,44,6.3,7,0.56
Jason McKie,1279,FB,CHI,16,-0.4,0,64.3,,0,0,0,10,1,2,6,0,56.7,22.8,82.8,56.6,48.1,10.3,16,0,10,32.7,51,156,1,9,65.4,102,0,0,68.2,14,0,0,0,33,47,5.2,3.7,0.32
Steve Breaston,3758,WR,ARZ,7,11.9,1,57.1,,0,0,0,11.1,1,3,1,0,54.9,71.5,61.2,,60.9,0,0,2,22,0,0,59,0,8,98.3,58,32.2,19,37.5,14,0,67.8,40,92,37,4.6,11.5,1.59
Kevin Boss,3769,TE,NYG,11,9.1,1,64.3,,0,0,0,10,1,8,21,0,77.3,70.6,73.7,76.3,75.7,84,89,0,23,14.2,15,106,1,9,83,88,13.2,14,130.4,14,2,2.8,3,118,31,3.4,13.1,1.34
Deshawn Wynn,3844,HB,GB,7,-2.4,3,64.3,,0,0,0,18.2,2,4,12,0,41.4,83.5,68.6,79,54.4,1.3,1,0,18,37.7,29,77,1,9,57.1,44,1.3,1,77.4,14,0,3.9,3,73,96,10.7,8.1,1.66
Carey Davis,2029,FB,PIT,15,-0.7,2,85.7,,0,0,0,7.7,1,2,25,0,63,78.3,68.1,86.9,57.4,4,4,0,10,25.7,26,101,0,12,72.3,73,0,0,81.3,14,0,0,0,49,58,4.8,4.1,0.67
Steve Smith,3667,WR,NYG,5,13.1,1,57.1,,0,0,0,27.3,3,4,21,0,28.8,70.1,57.5,,56.1,0,0,0,12,0,0,73,0,8,100,73,9.6,7,68.5,14,0,90.4,66,63,19,2.4,7.9,0.86
Le'Ron McClain,3753,FB,BLT,16,-0.2,1,69.2,,0,0,1,18.2,2,1,3,1,39.5,24.1,58,74.8,30,1.1,2,0,13,49.7,91,183,6,9,48.6,89,1.6,3,103,13,1,2.2,4,55,53,5.9,6.1,0.62
John Madsen,3408,TE,OAK,16,10.4,0,61.5,,0,0,0,20,2,5,23,0,35.3,70.1,56.2,80.7,55.3,56.1,64,0,39,11.4,13,114,0,8,86,98,21.9,25,111.7,13,1,19.3,22,102,40,5,12.8,1.04
Malcom Floyd,2044,WR,SD,6,14.3,1,53.8,,0,0,0,0,0,4,27,0,75.6,69.5,65.2,,62.7,0,0,1,25,0,0,94,0,7,100,94,17,16,46,13,0,83,78,97,11,1.6,13.9,1.03
Travis Henry,825,HB,DEN,12,-2.2,0,53.8,,0,0,0,12.5,1,2,10,0,54.9,60.6,60.7,70.6,46.4,0.5,1,0,21,22.6,48,212,0,7,74.1,157,0,0,67.8,13,0,1.9,4,65,67,9.6,9.3,0.41
Michael Robinson,3045,HB,SF,11,-0.1,5,84.6,,0,0,0,8.3,1,4,28,0,78.7,29.8,64.5,87.7,68.4,1,1,0,20,44.4,44,99,0,11,52.5,52,7.1,7,90.1,13,0,2,2,73,65,5.9,6.6,1.4
Maurice Stovall,3035,WR,TB,13,7.8,1,76.9,,0,0,0,0,0,6,30,0,78.7,71.5,60.2,,59,0,0,0,13,0,0,148,2,10,96.6,143,38.5,57,119.4,13,1,61.5,91,86,26,2.6,8.6,0.6
Tony Richardson,110,FB,MIN,14,1.6,2,84.6,,0,0,0,0,0,4,18,0,78.7,74.9,76.9,69.1,69.6,2.7,3,0,12,16.4,18,110,0,11,82.7,91,0,0,95.2,13,0,0.9,1,89,81,7.4,8.1,0.98
Fred Taylor,333,HB,JAX,15,-1.1,4,69.2,,0,0,0,18.2,2,2,15,0,38.4,69.1,90,87.3,44,0,0,0,18,20.8,40,192,0,9,73.4,141,0,0,78.4,13,0,0.5,1,58,56,6.2,6.4,0.41
Sam Gado,2599,HB,MIA,8,-1.2,1,92.3,,0,0,0,0,0,3,17,1,79.4,51.5,61.7,79.1,51.3,0,0,0,35,40,54,135,0,12,56.3,76,2.2,3,102.2,13,0,1.5,2,111,128,10.7,9.3,1.46
Dwayne Jarrett,3661,WR,CAR,6,14.4,0,46.2,,0,0,0,25,2,2,5,0,29.8,69.8,53.7,,51.4,0,0,1,22,0,0,81,0,6,96.3,78,48.1,39,31.9,13,0,51.9,42,73,1,0.2,12.2,0.94
Dane Looker,755,WR,SL,13,7.3,0,46.2,,0,0,0,0,0,3,26,0,74.6,68.8,50.3,,52,0,0,1,10,0,0,93,0,6,97.8,91,83.9,78,21,13,0,16.1,15,38,15,2.5,6.3,0.42
Michael Matthews,4218,TE,NYG,16,5,0,46.2,,0,0,0,40,4,0,21,0,26.8,68.8,48.2,58.7,28.8,72,103,0,6,36.4,52,143,0,6,61.5,88,8.4,12,53,13,0,3.5,5,28,14,2.3,4.7,0.32
Brad Hoover,740,FB,CAR,16,0.7,0,76.9,,0,0,0,9.1,1,2,5,0,60.6,76.6,71.9,57,44.8,1.7,3,1,14,23.3,42,180,0,10,72.8,131,7.2,13,52.7,13,0,3.3,6,58,55,5.5,5.8,0.44
Madison Hedgecock,2468,FB,NYG,16,2.3,3,58.3,,0,0,0,22.2,2,0,21,0,35.3,70.1,87.3,71.7,42.8,0.7,1,0,9,28.7,39,136,2,7,68.4,93,1.5,2,68.8,12,0,4.4,6,52,37,5.3,7.4,0.56
Legedu Naanee,3788,WR,SD,11,6.7,1,66.7,,0,0,0,0,0,4,27,0,76.5,70.1,63,,63.1,1.4,1,1,22,0,0,74,1,8,98.6,73,63.5,47,46.9,12,0,32.4,24,69,46,5.8,8.6,0.95
Darren Sproles,2347,HB,SD,8,-3.3,3,83.3,,0,0,0,0,0,3,27,0,78.7,81.7,70.2,72.2,85.7,0,0,0,14,15.4,8,52,0,10,82.7,43,0,0,79.2,12,0,0,0,31,68,6.8,3.1,0.72
Brandon Manumaleuna,876,TE,SD,16,2.8,2,83.3,,0,0,0,9.1,1,3,27,0,78.7,71.5,81.9,73.9,55.3,51.6,131,0,40,44.9,114,254,1,10,53.5,136,6.7,17,124.3,12,1,2.8,7,86,57,5.7,8.6,0.63
Peerless Price,473,WR,BUF,4,9.1,1,63.6,,0,0,1,12.5,1,5,4,0,52.1,69.5,63.5,,61.6,0,0,1,22,0,0,83,1,7,100,83,26.5,22,43,11,0,73.5,61,68,17,2.4,9.7,0.82
Mack Strong,66,FB,SEA,5,1.8,2,81.8,,0,0,0,0,0,5,29,0,77.3,73.1,70.8,86,70,0,0,0,15,21.3,20,94,1,9,77.7,73,0,0,93.9,11,0,1.1,1,72,55,6.1,8,0.99
Wallace Wright,3563,WR,NYJ,9,9.2,0,54.5,,0,0,0,0,0,4,22,0,74.6,68.8,66,,64.3,0,0,1,36,0,0,57,0,6,94.7,54,19.3,11,42.6,11,0,80.7,46,87,37,6.2,14.5,1.61
Ahmard Hall,3336,FB,TEN,10,1.1,1,81.8,,0,0,0,0,0,3,31,0,78,71.7,63.3,90,71.6,0,0,0,11,20.9,14,67,1,9,77.6,52,3,2,89.4,11,0,1.5,1,60,53,5.9,6.7,1.15
Ben Patrick,3831,TE,ARZ,8,7.6,0,63.6,,0,0,0,12.5,1,7,1,0,54.6,70.1,75.2,76.8,65.9,78.1,82,1,21,24.8,26,105,1,7,72.4,76,12.4,13,84.5,11,2,6.7,7,73,32,4.6,10.4,0.96
Dante' Hall,677,WR,SL,6,7.9,0,45.5,,0,0,0,37.5,3,2,26,0,27.5,70.9,54.2,,47.9,0,0,0,12,0,0,51,0,5,92.2,47,66.7,34,52.5,11,0,29.4,15,27,19,3.8,5.4,0.57
Lorenzo Neal,47,FB,SD,13,0.1,1,72.7,,0,0,0,20,2,1,27,1,35.3,25.4,73.9,75.4,29.6,0.9,1,0,9,33.3,37,111,1,8,64,71,0,0,105.5,11,1,6.3,7,23,23,2.9,2.9,0.32
Garrett Wolfe,3709,HB,CHI,10,-1.7,6,90.9,,0,0,0,0,0,4,6,1,78,33.3,56.5,84.5,66.6,0,0,1,33,28.6,14,49,0,10,71.4,35,4.1,2,73.9,11,0,0,0,119,138,13.8,11.9,3.4
Terrelle Smith,651,FB,ARZ,16,4.6,2,70,,0,0,0,12.5,1,4,1,0,35.3,70.8,74.2,86.8,47.5,2.4,3,1,16,28.3,36,127,0,7,69.3,88,1.6,2,45.4,10,0,1.6,2,59,27,3.9,8.4,0.67
Ben Troupe,1761,TE,TEN,15,9,1,50,,0,0,0,16.7,1,2,31,0,45.8,69.1,65,76.7,56.5,42.9,36,1,13,8.3,7,84,0,5,89.3,75,40.5,34,23.8,10,0,15.5,13,47,39,7.8,9.4,0.63
Thomas Tapeh,1880,FB,PHI,16,0.8,5,80,,0,0,0,11.1,1,1,24,0,54.5,73.3,69.2,64.2,45.1,2.2,5,0,9,29.4,68,231,0,8,69.7,161,1.7,4,87.5,10,0,0.9,2,50,49,6.1,6.3,0.31
Daniel Wilcox,1002,TE,BLT,5,6.2,0,60,,0,0,1,14.3,1,1,3,0,49.2,68.8,50.7,83.4,43.7,60.4,55,0,7,14.3,13,91,2,6,81.3,74,27.5,25,97.9,10,1,1.1,1,18,3,0.5,3,0.24
Moran Norris,865,FB,SF,15,1.4,2,60,,0,0,0,14.3,1,2,28,0,49.7,73.6,66.8,58.1,61.9,0.9,1,0,13,53.6,59,110,0,6,43.6,48,3.6,4,67.9,10,0,0,0,38,27,4.5,6.3,0.79
Todd Yoder,772,TE,WAS,15,8,2,70,,0,0,0,12.5,1,4,32,0,54.5,70.1,67.1,75.4,64,63.2,74,0,30,25.6,30,117,4,7,73.5,86,15.4,18,134.2,10,1,2.6,3,97,58,8.3,13.9,1.13
Greg Camarillo,2523,WR,MIA,10,10.8,1,80,,0,0,0,0,0,6,17,0,76.5,70.1,64.1,,66,0.9,1,0,64,0,0,106,1,8,97.2,103,74.5,79,158.3,10,2,24.5,26,160,82,10.3,20,1.55
Troy Walters,682,WR,DET,10,9.7,1,90,,0,0,0,0,0,5,11,0,77.3,70.6,72.6,,71.5,0,0,0,21,0,0,64,0,9,96.9,62,21.9,14,142.1,10,1,78.1,50,101,18,2,11.2,1.63
Miles Austin,3211,WR,DAL,9,10.6,1,50,,0,0,0,28.6,2,3,9,0,29.2,68,61.2,,60.7,0,0,0,35,0,0,57,0,5,93,53,7,4,75.4,10,0,93,53,76,42,8.4,15.2,1.43
Korey Hall,3807,FB,GB,14,1.6,1,80,,0,0,0,0,0,3,12,0,76.5,70.1,79.8,64.6,60.7,1.6,2,0,10,28.5,35,123,0,8,65.9,81,0,0,87.1,10,0,0.8,1,49,33,4.1,6.1,0.6
John Broussard,3845,WR,JAX,8,33.3,0,40,,0,0,0,20,1,3,15,0,42.1,67,69.9,,68.6,0,0,2,56,0,0,58,0,4,93.1,54,12.1,7,81.3,10,1,87.9,51,126,6,1.5,31.5,2.33
Troy Bienemann,4195,TE,ARZ,16,7.2,0,70,,0,0,0,0,0,2,1,0,76.5,70.1,51.7,60.3,48.2,62.6,92,1,13,19.7,29,147,3,7,76.9,113,22.4,33,73.3,10,1,2,3,46,13,1.9,6.6,0.41
Martrez Milner,3749,TE,ATL,7,2.6,0,100,,0,0,0,0,0,2,2,0,77.3,70.6,54.4,38.3,59,67.7,44,0,15,7.7,5,65,2,9,89.2,58,15.4,10,89.8,9,0,9.2,6,50,27,3,5.6,0.86
Brandon Lloyd,1436,WR,WAS,8,26.6,1,22.2,,0,0,0,0,0,0,32,0,72.1,67,53.6,,53.3,0,0,1,9,0,0,65,0,2,95.4,62,9.2,6,0,9,0,90.8,59,14,15,7.5,7,0.23
Ovie Mughelli,1445,FB,ATL,16,1.9,1,66.7,,0,0,0,14.3,1,1,2,0,49.2,72.6,92.5,89.7,46.1,2.3,3,0,12,34.1,45,132,0,6,65.2,86,0,0,74.3,9,0,0.8,1,36,24,4,6,0.42
Marcel Shipp,987,HB,ARZ,15,-0.4,0,44.4,,0,0,0,20,1,0,1,0,45.8,76.5,60.4,90.4,44.8,0,0,0,9,34.5,30,87,0,4,62.1,54,6.9,6,51.6,9,0,1.1,1,25,28,7,6.3,0.46
Brandon Middleton,2123,WR,DET,4,5.4,0,88.9,,0,0,0,0,0,6,11,0,76.5,70.1,66.6,,65.9,0,0,0,17,0,0,62,0,8,96.8,60,88.7,55,136.1,9,1,11.3,7,70,29,3.6,8.8,1.17
Taylor Jacobs,1360,WR,DEN,5,16,0,33.3,,0,0,0,40,2,2,10,0,28,67.4,49.8,,49.6,0,0,1,21,0,0,84,0,3,97.6,82,28.6,24,45.8,9,1,71.4,60,40,3,1,13.3,0.49
Dwayne Blakley,1219,TE,ATL,11,4.2,0,77.8,,0,0,0,0,0,2,2,0,75.6,69.5,55,58,50.8,82.8,82,0,11,11.1,11,99,2,7,83.8,83,9.1,9,88.9,9,0,5.1,5,48,26,3.7,6.9,0.58
Casey Fitzsimmons,1607,TE,DET,16,4.6,1,88.9,,0,0,0,0,0,6,11,0,77.3,70.6,74.2,67.7,77.7,43,37,0,22,25.6,22,86,2,8,73.3,63,9.3,8,143.1,9,1,5.8,5,85,52,6.5,10.6,1.35
Richard Angulo,1548,TE,JAX,5,9.4,0,88.9,,0,0,0,11.1,1,3,15,0,54.5,70.1,58.7,51.2,52.4,91.8,78,0,22,23.5,20,85,1,8,76.5,65,7.1,6,141.2,9,1,1.2,1,81,11,1.4,10.1,1.25
Priest Holmes,309,HB,KC,4,0.3,0,55.6,,0,0,0,0,0,0,16,0,75.9,83.2,50.1,63.8,58.1,0,0,2,8,18.2,12,66,0,5,77.3,51,6.1,4,21.3,9,0,4.5,3,17,40,8,3.4,0.33
Chris Davis,3744,WR,TEN,7,3.8,0,55.6,,0,0,0,16.7,1,1,31,1,45.8,18,48.8,,48,0,0,0,13,0,0,46,0,5,95.7,44,91.3,42,66,9,0,8.7,4,38,24,4.8,7.6,0.86
Jameel Cook,904,FB,HST,5,2.1,2,100,,0,0,0,0,0,2,13,0,76.5,74.6,58.6,74.6,63.8,0,0,0,9,2.5,1,40,0,8,92.5,37,7.5,3,87.5,8,0,15,6,40,23,2.9,5,1.08
Jeb Putzier,1174,TE,HST,7,3.9,0,75,,0,0,0,14.3,1,2,13,0,49.2,68.8,52.1,66.3,52.4,50,28,1,11,1.8,1,56,0,6,98.2,55,21.4,12,84.9,8,1,28.6,16,39,12,2,6.5,0.71
Jim Kleinsasser,469,TE,MIN,16,5.4,0,50,,0,0,1,0,0,3,18,0,73.4,68,81.6,76,48,87.7,222,1,26,53,134,253,4,4,45.1,114,4.7,12,66.1,8,1,2.8,7,43,16,4,10.8,0.38
Joseph Kowalewski,3386,TE,NYJ,13,4.3,0,62.5,,0,0,0,16.7,1,1,22,0,46.3,68,54.7,50.9,45.8,37.7,40,0,6,20.8,22,106,1,5,76.4,81,37.7,40,106.3,8,1,7.5,8,18,9,1.8,3.6,0.22
Ryne Robinson,3734,WR,CAR,9,6.5,0,50,,0,0,0,0,0,2,5,0,72.1,67,56.2,,56.5,0,0,0,12,0,0,50,0,4,100,50,32,16,62,8,0,68,34,35,17,4.3,8.8,0.7
Mewelde Moore,1840,HB,MIN,6,1.6,0,75,,0,0,0,0,0,1,18,0,49.2,27.4,60.6,62.6,50.1,0,0,1,20,20.3,12,59,0,6,76.3,45,6.8,4,50,8,0,5.1,3,48,40,6.7,8,1.07
Jeremi Johnson,1430,FB,CIN,16,2.6,1,85.7,,0,0,1,0,0,3,7,0,74.6,73.6,86.4,69.8,55.2,2.1,3,0,14,24.8,35,141,2,6,73.8,104,2.8,4,125.3,7,1,0,0,32,29,4.8,5.3,0.31
Chad Mustard,1668,TE,DEN,7,5,0,71.4,,0,0,0,16.7,1,4,10,0,45.8,68,75,78.6,56.5,88.8,71,0,15,42.5,34,80,0,5,56.3,45,8.8,7,98.5,7,0,1.3,1,62,37,7.4,12.4,1.38
Sammy Morris,678,HB,NE,6,3,0,85.7,,0,0,0,0,0,1,19,0,75.6,86.9,73.9,74.3,59.4,0,0,0,18,14.3,11,77,0,6,83.1,64,2.6,2,87.5,7,0,5.2,4,35,31,5.2,5.8,0.55
T.J. Duckett,1025,HB,DET,11,-1.1,0,57.1,,0,0,0,20,1,4,11,0,47.8,85,66.1,73.3,54.2,0,0,0,22,30.6,26,85,0,4,65.9,56,1.2,1,81.8,7,0,7.1,6,54,67,16.8,13.5,0.96
Anthony Becht,602,TE,TB,16,4.6,0,71.4,,0,0,0,16.7,1,2,30,0,45.8,68,68.1,49.1,44.5,86.3,101,0,9,33.3,39,117,2,5,65,76,4.3,5,113.7,7,2,6.8,8,20,9,1.8,4,0.26
Johnnie Lee Higgins,3715,WR,OAK,15,10.7,0,85.7,,0,0,0,0,0,2,23,0,74.6,70.6,50.9,,49.8,0,0,0,16,0,0,93,0,6,92.5,86,16.1,15,94.6,7,0,83.9,78,47,6,1,7.8,0.55
Antonio Pittman,3723,HB,SL,10,-0.7,0,42.9,,0,0,0,25,1,0,26,0,36.2,81.2,57.4,76.2,43.7,0,0,0,11,31,13,42,0,3,69,29,0,0,50.3,7,0,0,0,15,20,6.7,5,0.52
Jeff Dugan,1936,FB,MIN,13,3.3,0,85.7,,0,0,0,0,0,1,18,1,74.6,19,64,54.6,37.7,37.3,22,0,13,28.8,17,59,1,6,67.8,40,1.7,1,84.5,7,0,10.2,6,30,17,2.8,5,0.75
Dante Rosario,3771,TE,CAR,13,12.6,0,85.7,,0,0,0,0,0,5,5,0,75.9,69.1,70.7,74.1,70.6,43.3,29,0,54,13.4,9,67,0,6,80.6,54,29.9,20,158.3,7,2,20.9,14,108,40,6.7,18,2
Brian Clark,3271,WR,TB,5,5.5,0,66.7,,0,0,0,0,0,0,30,1,72.1,18.7,41.9,,42.1,3.7,1,0,7,0,0,27,0,4,96.3,26,51.9,14,73.6,6,0,44.4,12,23,10,2.5,5.8,0.88
Laurence Maroney,2966,HB,NE,13,0.7,2,66.7,,0,0,0,20,1,4,19,0,41.6,90.5,77.7,57.8,56.5,0,0,0,43,27.4,34,124,1,4,68.5,85,0.8,1,109.7,6,0,0.8,1,116,105,26.3,29,1.36
Joel Dreessen,2415,TE,HST,11,11.2,0,66.7,,0,0,0,0,0,3,13,0,72.1,67,75.9,80.3,69.7,93.3,56,1,28,25,15,60,0,4,75,45,1.7,1,95.8,6,2,3.3,2,55,10,2.5,13.8,1.22
Courtney Taylor,3813,WR,SEA,6,8.5,1,83.3,,0,0,0,0,0,2,29,0,73.4,68,61.9,,63.8,0,0,0,12,0,0,43,0,5,95.3,41,14,6,93.1,6,0,86,37,38,16,3.2,7.6,0.93
Deon Anderson,3811,FB,DAL,5,1.8,1,100,,0,0,0,0,0,3,9,0,74.6,68.8,70.3,33.1,77.5,0,0,0,17,29.3,12,41,0,6,70.7,29,0,0,104.9,6,0,0,0,55,44,7.3,9.2,1.9
Willie Reid,3040,WR,PIT,5,3.3,2,66.7,,0,0,0,20,1,2,25,0,42.1,67,61,,60.6,0,0,0,25,0,0,34,0,4,100,34,52.9,18,95.1,6,0,47.1,16,54,58,14.5,13.5,1.59
Matt Spaeth,3693,TE,PIT,14,7.2,0,83.3,,0,0,0,16.7,1,4,25,0,45.8,68,60.3,52.7,49.5,91.2,114,0,13,32.8,41,125,0,5,64,80,4,5,129.9,6,3,0.8,1,34,13,2.6,6.8,0.43
Chris Henry,3666,HB,TEN,6,-3.8,1,100,,0,0,0,0,0,2,31,0,74.6,80.5,60.6,72.1,72.5,0,0,0,18,31.1,23,74,0,6,66.2,49,0,0,103.5,6,0,4.1,3,53,76,12.7,8.8,1.08
Adam Jennings,3129,WR,ATL,13,6.7,0,100,,0,0,0,0,0,3,2,0,74.6,68.8,51.7,,53.5,0,0,0,28,0,0,88,1,6,95.5,84,73.9,65,149.3,6,1,26.1,23,62,22,3.7,10.3,0.74
Christian Fauria,130,TE,CAR,13,7.5,0,83.3,,0,0,0,0,0,5,5,0,73.4,68,79.7,52.6,76.7,83.3,65,1,16,39.7,31,78,1,5,56.4,44,14.1,11,93.8,6,2,2.6,2,39,9,1.8,7.8,0.89
Michael Turner,1873,HB,SD,13,-3,1,66.7,,0,0,0,20,1,1,27,0,41.6,56.4,45.1,76.1,46.7,0,0,0,12,14.8,4,27,0,4,81.5,22,0,0,70.1,6,0,0,0,16,27,6.8,4,0.73
Deuce McAllister,793,HB,NO,3,-0.2,0,80,,0,0,0,20,1,0,20,0,28.7,28.1,37.7,80.4,29.4,0,0,0,7,20,6,30,0,4,73.3,22,0,0,79.2,5,0,3.3,1,15,17,4.3,3.8,0.68
Anthony Mix,3436,WR,WAS,3,11.8,1,60,,0,0,0,0,0,2,32,0,70.5,65.8,66.5,,66.9,0,0,0,21,0,0,23,0,3,87,20,13,3,84.6,5,0,87,20,39,18,6,13,1.95
Chad Lucas,2109,WR,TB,2,14.6,0,100,,0,0,0,0,0,1,30,0,73.4,68,73,65.3,72,0,0,0,52,3.4,1,29,0,5,93.1,27,20.7,6,118.8,5,0,79.3,23,82,9,1.8,16.4,3.04
DeDe Dorsey,3299,HB,CIN,7,-1.4,0,80,,0,0,0,20,1,1,7,0,46.3,78.4,76.8,54.7,61.2,0,0,0,17,12.5,3,24,0,4,83.3,20,4.2,1,82.5,5,0,0,0,19,29,7.3,4.8,0.95
Sean Ryan,1865,TE,NYJ,7,10,0,60,,0,0,0,0,0,2,22,0,70.5,65.8,67.3,54.7,72.7,69.4,25,0,22,33.3,12,36,0,3,61.1,22,30.6,11,90.4,5,0,0,0,46,7,2.3,15.3,2.09
Dominique Byrd,3038,TE,SL,3,5.4,2,80,,0,0,0,20,1,2,26,0,41.6,67,66.7,70.3,64.8,23.3,7,0,14,3.3,1,30,0,4,90,27,66.7,20,103.3,5,0,6.7,2,44,18,4.5,11,1.63
Brian Calhoun,3019,HB,DET,3,1.4,1,100,,0,0,0,0,0,1,11,0,73.4,73.3,63.5,70.4,69.5,0,0,0,11,22.9,8,35,0,5,74.3,26,5.7,2,95.8,5,0,2.9,1,35,28,5.6,7,1.35
David Tyree,1511,WR,NYG,7,4.8,1,80,,0,0,0,0,0,2,21,0,72.1,67,71.4,,70.9,0,0,0,24,0,0,15,0,4,100,15,13.3,2,95.8,5,0,80,12,35,26,6.5,8.8,2.33
Heath Evans,843,FB,NE,15,1.8,0,80,,0,0,0,20,1,2,19,0,41.6,80.6,68.4,72.5,43.1,1.1,1,0,29,21.6,19,88,0,4,75,66,2.3,2,102.5,5,0,15.9,14,43,39,9.8,10.8,0.65
Joshua Cribbs,2544,WR,CLV,11,3.2,1,60,,0,0,0,0,0,3,8,0,70.5,74.5,65.7,,59.2,0,0,0,18,0,0,30,1,3,93.3,28,10,3,82.9,5,0,80,24,37,30,10,12.3,1.32
Tab Perry,2407,WR,CIN,2,9.4,0,20,,0,0,0,0,0,1,7,0,64.7,64.6,54.2,,52,0,0,0,7,0,0,30,0,1,93.3,28,50,15,39.6,5,0,46.7,14,7,1,1,7,0.25
Cadillac Williams,2222,HB,TB,4,0.2,0,60,,0,0,0,40,2,0,30,1,28,26.6,45.7,30.5,24.4,0,0,0,8,26.3,10,38,0,3,71.1,27,5.3,2,66.3,5,0,0,0,17,16,5.3,5.7,0.63
Jackie Battle,3885,HB,KC,2,-1.2,0,20,,0,0,0,50,1,0,16,0,28.8,75.3,58.5,35.7,32.5,0,0,0,4,41.9,18,43,0,1,58.1,25,0,0,39.6,5,0,0,0,4,5,5,4,0.16
Patrick Cobbs,3272,HB,MIA,4,2.2,0,60,,0,0,0,25,1,0,17,0,36.8,76.4,43.9,25.7,39.9,3.2,1,0,11,19.4,6,31,0,3,74.2,23,3.2,1,72.1,5,0,3.2,1,24,13,4.3,8,1.04
Clifton Dawson,3923,HB,IND,5,-0.6,0,40,,0,0,0,33.3,1,1,14,0,29.9,79.7,51.1,79.5,42.6,0,0,0,9,15.8,6,38,0,2,81.6,31,2.6,1,47.9,5,0,2.6,1,15,16,8,7.5,0.48
Lee Vickers,3542,TE,BLT,6,4,0,40,,0,0,0,33.3,1,0,3,0,36.8,65.8,54,80.4,44.3,83.3,35,0,5,21.4,9,42,0,2,76.2,32,7.1,3,47.9,5,0,0,0,4,5,2.5,2,0.13
Gilbert Harris,4201,HB,KC,4,0.3,0,75,,0,0,0,25,1,1,16,0,28,21.7,29.4,84.1,29.1,0,0,0,19,23.5,8,34,0,3,70.6,24,5.9,2,104.2,4,0,0,0,38,45,15,12.7,1.58
Skyler Green,3070,WR,CIN,3,7.3,0,75,,0,0,0,0,0,1,7,0,70.5,67.4,60.1,,63.3,0,0,0,18,0,0,30,1,3,86.7,26,70,21,99,4,0,30,9,33,28,9.3,11,1.27
Jon Bradley,1993,FB,DET,15,2,0,50,,0,0,0,0,0,0,11,0,68.3,22,68.2,70.6,53.5,0,0,1,8,22.1,17,77,0,2,76.6,59,0,0,16.7,4,0,0,0,10,8,4,5,0.17
Andrew Pinnock,1527,FB,SD,4,-0.3,1,25,,0,0,0,0,0,0,27,0,64.7,69.4,74.7,76,53.5,0,0,0,5,34.5,10,29,1,1,65.5,19,0,0,39.6,4,0,0,0,5,6,6,5,0.26
Luke Lawton,2099,FB,IND,7,-1.3,2,100,,0,0,0,0,0,2,14,0,73.4,72.2,56.9,82.7,61.3,0,0,0,11,16.7,7,42,0,4,81,34,0,0,136.5,4,1,9.5,4,29,34,8.5,7.3,0.85
John Gilmore,1176,TE,CHI,12,2.8,0,75,,0,0,0,25,1,1,6,0,36.2,65.8,77.1,76.7,56.8,100,28,0,7,25,7,28,3,3,75,21,0,0,79.2,4,0,0,0,14,12,4,4.7,0.67
Mike Anderson,693,HB,BLT,6,-1.3,0,100,,0,0,0,0,0,1,3,0,72.1,24.8,55.5,80.6,65.6,0,0,0,10,45.5,15,33,0,4,54.5,18,0,0,93.8,4,0,9.1,3,26,31,7.8,6.5,1.44
Ahmad Bradshaw,3866,HB,NYG,6,-1.8,2,50,,0,0,0,33.3,1,1,21,0,29.9,78.2,82.5,53.8,56,0,0,0,11,22.2,4,18,0,2,72.2,13,5.6,1,56.3,4,0,22.2,4,12,9,4.5,6,0.92
John Kuhn,2686,FB,GB,13,1.7,0,66.7,,0,0,0,0,0,2,12,0,68.3,64,71,88.8,61.7,0,0,0,5,29.5,13,44,1,2,70.5,31,2.3,1,70.1,3,0,2.3,1,7,2,1,3.5,0.23
Joe Klopfenstein,2991,TE,SL,16,4.7,1,66.7,,0,0,0,33.3,1,1,26,0,29.9,64,57.8,52.9,46.1,67.2,84,0,36,28,35,125,0,2,67.2,84,1.6,2,148.6,3,1,4,5,37,24,12,18.5,0.44
Boomer Grigsby,2355,FB,KC,9,0.7,0,66.7,,0,0,0,33.3,1,0,16,0,30,64,56.8,50.5,42.5,0,0,0,9,28.9,11,38,0,2,68.4,26,2.6,1,77.1,3,0,0,0,14,12,6,7,0.54
Travis Taylor,588,WR,CAR,2,11.7,0,33.3,,0,0,0,50,1,0,5,0,28.9,61.2,46.1,,47,0,0,1,4,0,0,31,0,1,93.5,29,16.1,5,2.8,3,0,83.9,26,4,4,4,4,0.14
Garrett Mills,3051,TE,MIN,1,12,0,66.7,,0,0,0,0,0,2,18,0,68.3,64,79.1,,82.5,55.6,5,0,18,0,0,9,0,2,88.9,8,22.2,2,93.8,3,0,22.2,2,26,10,5,13,3.25
Chris Barclay,3216,HB,NO,3,0.3,0,66.7,,0,0,0,0,0,0,20,0,68.3,66.2,61.1,,65.3,0,0,0,7,0,0,5,0,2,80,4,0,0,75.7,3,0,0,0,13,16,8,6.5,3.25
Oliver Hoyte,3357,FB,DAL,10,-0.7,1,33.3,,0,0,0,50,1,1,9,0,28.8,61.2,53.8,70.3,35.4,0,0,0,2,39,30,77,2,1,57.1,44,0,0,42.4,3,0,0,0,2,2,2,2,0.05
Mike Vrabel,268,ED,NE,8,7,0,66.7,,0,0,0,0,0,2,19,0,29.9,64,67.3,65,65.6,100,10,0,2,10,1,10,2,2,80,8,0,0,109.7,3,2,0,0,3,0,0,1.5,0.38
Jason Dunn,178,TE,KC,16,2,1,66.7,,0,0,0,33.3,1,0,16,0,30,64,68.6,69.6,41.2,89.3,184,0,8,71.8,148,206,5,2,27.2,56,4.4,9,70.1,3,0,1.5,3,9,7,3.5,4.5,0.16
John Owens,1133,TE,DET,12,11,0,66.7,,0,0,0,0,0,0,11,0,68.3,64,55.4,80,56.5,93.2,41,0,9,52.3,23,44,1,2,47.7,21,2.3,1,75.7,3,0,4.5,2,13,5,2.5,6.5,0.62
Yamon Figurs,3690,WR,BLT,5,38.3,0,33.3,,0,0,0,0,0,1,3,0,64.7,64.6,73.9,,71.6,0,0,0,36,0,0,12,0,1,91.7,11,83.3,10,79.9,3,0,16.7,2,36,2,2,36,3.27
Nate Jackson,1259,TE,DEN,5,9,0,100,,0,0,0,0,0,2,10,0,70.5,65.8,54.9,36.4,58.7,68.6,24,0,24,20,7,35,1,3,77.1,27,28.6,10,153.5,3,1,0,0,34,7,2.3,11.3,1.26
Dwayne Wright,3727,HB,BUF,8,-0.7,0,100,,0,0,0,0,0,1,4,1,70.5,29.3,39.9,79.2,29.1,0,0,0,8,18.8,3,16,0,3,81.3,13,0,0,90.3,3,0,0,0,17,19,6.3,5.7,1.31
Seneca Wallace,1422,QB,SEA,9,17,0,66.7,,0,0,0,0,0,2,29,1,68.3,28,49.2,,74,0,0,0,29,0,0,52,0,2,34.6,18,13.5,7,109.7,3,0,21.2,11,47,8,4,23.5,2.61
Kassim Osgood,1676,WR,SD,7,7.7,0,66.7,,0,0,0,0,0,1,27,0,68.3,64,74.8,,66.4,0,0,0,15,0,0,10,0,2,90,9,10,1,89.6,3,0,90,9,23,4,2,11.5,2.56
Reagan Mauia,3797,FB,MIA,16,0.3,1,66.7,,0,0,0,33.3,1,0,17,1,29.9,17.4,58.5,82,28.2,1,1,0,5,50.5,49,97,0,2,47.4,46,0,0,70.1,3,0,3.1,3,5,5,2.5,2.5,0.11
Aaron Walker,1469,TE,SL,7,3.3,0,66.7,,0,0,0,0,0,1,26,0,68.3,64,70.6,57.4,79.6,97,32,0,8,60.6,20,33,0,2,33.3,11,0,0,75.7,3,0,3,1,13,9,4.5,6.5,1.18
Derek Schouman,3838,TE,BUF,3,0.7,0,100,,0,0,0,0,0,1,4,0,70.5,65.8,63.4,69.7,62,2.9,1,0,10,41.2,14,34,0,3,58.8,20,2.9,1,93.1,3,0,2.9,1,19,17,5.7,6.3,0.95
Biren Ealy,4252,WR,TEN,3,17.3,0,33.3,,0,0,0,50,1,0,31,0,28.9,61.2,46.5,,46.7,0,0,1,6,0,0,14,0,1,92.9,13,0,0,2.8,3,0,100,14,6,3,3,6,0.46
Kenneth Darby,3862,HB,TB,1,8.3,1,66.7,,0,0,0,0,0,0,30,0,68.3,67.8,61.8,69.4,68.3,0,0,1,9,11.1,1,9,0,2,88.9,8,0,0,40.3,3,0,22.2,2,16,15,7.5,8,2
Byron Storer,4125,FB,TB,5,0.3,0,66.7,,0,0,0,33.3,1,0,30,0,30,64,70,46.3,36,10.5,4,0,2,28.9,11,38,0,2,63.2,24,0,0,70.1,3,0,2.6,1,3,3,1.5,1.5,0.13
Tony Curtis,2552,TE,DAL,12,10.7,0,100,,0,0,0,0,0,3,9,0,70.5,65.8,89.5,80.8,89.8,84.4,27,0,15,40.6,13,32,0,3,59.4,19,9.4,3,131.3,3,3,6.3,2,18,0,0,6,0.95
Aaron Halterman,2619,TE,MIA,3,6,0,33.3,,0,0,0,0,0,1,17,0,68.3,64,59,74.4,63.6,82.4,14,0,7,11.8,2,17,0,1,82.4,14,0,0,42.4,3,0,11.8,2,7,3,3,7,0.5
Alex Haynes,2636,HB,CAR,1,1,0,100,,0,0,0,0,0,2,5,0,70.5,69.7,59.7,,64.4,0,0,0,6,0,0,7,0,3,100,7,0,0,86.1,3,0,14.3,1,14,11,3.7,4.7,2
Dan Kreider,749,FB,PIT,8,3,0,33.3,,0,0,0,50,1,1,25,0,28.9,64.6,50.4,70.2,35.7,16.7,2,0,15,8.3,1,12,0,1,91.7,11,8.3,1,50.7,3,0,0,0,15,5,5,15,1.36
Sam Aiken,1439,WR,BUF,6,8,0,50,,0,0,0,0,0,1,4,0,64.7,61.2,57.5,,58.3,0,0,0,10,0,0,26,0,1,100,26,7.7,2,64.6,2,0,92.3,24,10,2,2,10,0.38
Andre Hall,3333,HB,DEN,5,-2.5,3,100,,0,0,0,0,0,1,10,0,70.5,42.4,68.6,63.9,71.3,0,0,0,65,30.4,14,46,0,2,67.4,31,2.2,1,118.8,2,0,2.2,1,69,74,37,34.5,2.23
Isaac Smolko,3515,TE,JAX,5,5,0,50,,0,0,0,0,0,0,15,0,64.7,61.2,65.9,74.4,49.5,77.8,14,0,5,27.8,5,18,0,1,72.2,13,5.6,1,56.3,2,0,16.7,3,5,5,5,5,0.38
Micheal Spurlock,3517,WR,TB,1,6.5,0,0,,0,0,0,,0,0,30,0,,,47.1,,53.3,0,0,0,0,0,0,16,1,0,100,16,25,4,39.6,2,0,75,12,0,0,,,0
Drew Brees,802,QB,NO,16,-5.5,0,100,,0,0,0,0,0,0,20,8,,88.3,83.9,,,0,0,0,8,0,0,707,5,2,0,0,0,0,87.5,2,0,0,0,10,21,10.5,5,
Ryan Neufeld,565,TE,BUF,7,2,0,100,,0,0,0,0,0,0,4,0,68.3,64,51.2,87.6,53.5,14.3,5,0,8,37.1,13,35,0,2,62.9,22,2.9,1,95.8,2,0,11.4,4,14,10,5,7,0.64
Justin Green,2375,FB,BLT,7,1,0,100,,0,0,0,0,0,1,3,0,68.3,64,72.2,85.7,67.2,4.2,1,0,10,50,12,24,0,2,50,12,0,0,100,2,0,0,0,16,14,7,8,1.33
Adimchinobe Echemandu,1924,HB,HST,6,-1,0,100,,0,0,0,0,0,0,13,0,68.3,26.1,58.9,82.3,53.9,0,0,0,7,13.3,4,30,0,2,86.7,26,3.3,1,89.6,2,0,13.3,4,11,13,6.5,5.5,0.42
Ryan Krause,1887,TE,GB,9,3,0,100,,0,0,0,0,0,0,12,0,70.5,65.8,55.1,79.2,48.1,59.5,25,0,6,21.4,9,42,1,2,71.4,30,28.6,12,89.6,2,0,2.4,1,11,5,2.5,5.5,0.37
Jason Hill,3692,WR,SF,4,4.5,0,50,,0,0,0,0,0,0,28,0,64.7,61.2,47.5,,51.4,0,0,0,6,0,0,24,1,1,100,24,25,6,56.3,2,0,75,18,6,0,0,6,0.25
Marcellus Rivers,981,TE,NE,3,4,0,0,,0,0,0,100,1,0,19,0,27.9,,45.5,76.3,38.8,64.5,20,0,0,54.8,17,31,0,0,41.9,13,29,9,39.6,2,0,6.5,2,0,0,,,0
Jerame Tuman,513,TE,PIT,5,8.5,0,50,,0,0,0,0,0,1,25,0,64.7,61.2,71.9,53.8,60.3,88,22,0,9,36,9,25,0,1,64,16,4,1,102.1,2,1,0,0,9,0,0,9,0.56
Chris McFoy,4236,WR,OAK,3,7.5,0,50,,0,0,0,50,1,1,23,0,28.9,61.2,46.8,69.3,44.1,27.3,3,0,19,27.3,3,11,0,1,72.7,8,0,0,83.3,2,0,63.6,7,19,17,17,19,2.38
Jerome Harrison,3090,HB,CLV,4,-4.5,2,100,,0,0,0,0,0,1,8,0,68.3,78.4,91.1,78.3,77.5,0,0,0,15,28.6,4,14,0,2,64.3,9,0,0,106.3,2,0,0,0,19,28,14,9.5,2.11
Jared Allen,1847,ED,KC,2,7.5,0,100,,0,0,0,0,0,2,16,0,68.3,64,97.6,,96.6,100,2,0,2,0,0,2,2,2,100,2,0,0,118.8,2,2,0,0,3,0,0,1.5,1.5
Marcus Maxwell,2440,WR,CIN,3,8,0,50,,0,0,0,0,0,1,7,0,64.7,61.2,67.7,,63,0,0,1,5,0,0,11,0,1,100,11,18.2,2,16.7,2,0,81.8,9,5,-1,-1,5,0.45
Dan Campbell,488,TE,DET,2,0,0,100,,0,0,0,0,0,0,11,0,64.7,61.2,53.6,31.5,46.3,88.9,24,0,1,33.3,9,27,0,1,66.7,18,11.1,3,79.2,1,0,0,0,1,1,1,1,0.06
Kyle Boller,1335,QB,BLT,12,13,0,0,,0,0,0,100,1,0,3,5,,69.2,59.8,,58.4,0,0,0,0,0,0,328,0,0,0.3,1,0,0,39.6,1,0,0,0,0,0,,,0
Jerome Mathis,2331,WR,HST,2,12,0,100,,0,0,0,0,0,1,13,0,64.7,61.2,65.4,,65,0,0,0,15,0,0,11,0,1,100,11,18.2,2,118.8,1,0,81.8,9,15,3,3,15,1.36
Michael Gasperson,2890,WR,PHI,1,2,0,0,,0,0,0,100,1,0,24,0,28,,30.1,,39.6,0,0,0,0,0,0,2,0,0,100,2,100,2,39.6,1,0,0,0,0,0,,,0
Dave Thomas,3031,TE,NE,1,7,0,100,,0,0,0,0,0,1,19,0,64.7,61.2,80.1,,90.2,100,1,0,9,0,0,1,0,1,100,1,0,0,104.2,1,0,0,0,9,2,2,9,9
Brandon Williams,3029,WR,SL,3,33,0,0,,0,0,0,,0,0,26,0,,,52.2,,53.8,0,0,1,0,0,0,11,0,0,100,11,9.1,1,0,1,0,90.9,10,0,0,,,0
Terry Glenn,156,WR,DAL,1,8,0,0,,0,0,0,,0,0,9,0,,,56.7,,57.5,0,0,1,0,0,0,4,0,0,75,3,0,0,0,1,0,100,4,0,0,,,0
Oren O'Neal,3791,FB,OAK,11,-2,0,100,,0,0,0,0,0,0,23,0,64.7,61.2,78.5,78.7,52.3,0,0,0,1,11.8,4,34,1,1,85.3,29,2.9,1,79.2,1,0,5.9,2,1,3,3,1,0.03
Kyle Eckel,2574,FB,NE,5,5,0,100,,0,0,0,0,0,0,19,0,64.7,80.2,57.6,79.7,58.5,0,0,0,6,43.8,7,16,0,1,50,8,0,0,91.7,1,0,0,0,6,1,1,6,0.75
LaBrandon Toefield,1443,HB,JAX,1,3,0,100,,0,0,0,0,0,0,15,0,64.7,75.3,52.7,77.4,56.4,0,0,0,4,23.5,4,17,0,1,76.5,13,5.9,1,83.3,1,0,0,0,4,1,1,4,0.31
Alvin Pearman,2344,HB,SEA,1,-3,0,100,,0,0,0,0,0,0,29,0,64.7,61.2,58.4,69.2,56.9,0,0,0,1,12.5,1,8,0,1,87.5,7,0,0,79.2,1,0,50,4,1,4,4,1,0.14
Chris Davis,4144,WR,NYJ,1,-4,0,100,,0,0,0,0,0,0,22,0,64.7,64.6,60,,55.9,0,0,0,3,0,0,6,0,1,100,6,83.3,5,79.2,1,0,16.7,1,3,7,7,3,0.5
Chad Owens,2402,WR,JAX,1,31,0,0,,0,0,0,,0,0,15,0,,,51,,52.2,0,0,0,0,0,0,16,0,0,100,16,56.3,9,39.6,1,0,43.8,7,0,0,,,0
Matt Willis,4283,WR,BLT,4,11,0,100,,0,0,0,0,0,1,3,0,64.7,61.2,53.1,,53.8,0,0,0,11,0,0,14,0,1,100,14,35.7,5,112.5,1,0,64.3,9,11,0,0,11,0.79
Billy Bajema,2466,TE,SF,12,3,0,0,,0,0,0,,0,0,28,0,,,49.3,72.7,41.5,76.1,35,0,0,23.9,11,46,0,0,71.7,33,8.7,4,39.6,1,0,0,0,0,0,,,0
Casey Cramer,1942,FB,TEN,5,2,0,0,,0,0,0,,0,0,31,0,,,63.5,43,50.4,0,0,0,0,21.1,4,19,0,0,78.9,15,10.5,2,39.6,1,0,15.8,3,0,0,,,0
Justin Jenkins,2081,WR,BUF,9,54,0,0,,0,0,0,,0,0,4,0,,,49.8,,49.8,0,0,0,0,0,0,42,0,0,95.2,40,14.3,6,39.6,1,0,85.7,36,0,0,,,0
Naufahu Tahi,3526,FB,MIN,2,0,0,100,,0,0,0,0,0,0,18,0,64.7,71.1,47.5,,62.1,0,0,0,7,0,0,4,0,1,100,4,0,0,95.8,1,0,0,0,7,7,7,7,1.75
Stacy Tutt,3538,FB,NYJ,6,-1,0,0,,0,0,0,,0,0,22,0,,,58,77,54.1,7.1,1,0,0,28.6,4,14,0,0,71.4,10,0,0,39.6,1,0,28.6,4,0,0,,,0
Shaun Bodiford,3235,WR,GB,2,11,0,100,,0,0,0,0,0,1,12,0,64.7,61.2,64.1,,63.4,0,0,0,13,0,0,11,0,1,100,11,0,0,118.8,1,0,100,11,13,2,2,13,1.18
Jason Taylor,264,ED,MIA,2,8,0,0,,0,0,0,,0,0,17,0,,,53.3,,55.4,0,0,0,0,0,0,3,10,0,66.7,2,0,0,39.6,1,0,100,3,0,0,,,0
Mike Bell,3225,HB,DEN,4,2,0,100,,0,0,0,0,0,0,10,0,64.7,18.4,33.7,77.1,55.1,0,0,0,7,20.8,5,24,0,1,66.7,16,0,0,95.8,1,0,0,0,7,5,5,7,0.44
Jon Kitna,217,QB,DET,16,-7,0,100,,0,0,0,0,0,0,11,12,,29.6,66.5,,,0,0,0,9,0,0,652,3,1,0,0,0,0,104.2,1,0,0,0,9,16,16,9,
Derek Stanley,3865,WR,SL,1,45,0,0,,0,0,0,,0,0,26,0,,61.9,53.7,,55,0,0,0,0,0,0,5,0,0,100,5,0,0,39.6,1,0,100,5,0,0,,,0
Quinton Ganther,3191,FB,TEN,1,1,0,0,,0,0,0,100,1,0,31,0,27.9,,34.8,,26,0,0,0,0,0,0,3,0,0,100,3,0,0,39.6,1,0,0,0,0,0,,,0
Reno Mahe,1654,HB,PHI,3,2,0,100,,0,0,0,0,0,1,24,0,64.7,61.2,63.8,18,75.4,12.5,1,0,11,25,2,8,0,1,75,6,0,0,112.5,1,0,37.5,3,11,9,9,11,1.83
Richard Owens,2141,FB,SL,9,2,0,100,,0,0,0,0,0,1,26,0,64.7,61.2,61.2,70.6,54.3,12.2,6,0,9,30.6,15,49,0,1,65.3,32,0,0,104.2,1,0,4.1,2,9,7,7,9,0.28
Mark Bruener,125,TE,HST,13,6,0,0,,0,0,0,,0,0,13,0,,,75,72.7,33,96.5,55,0,0,71.9,41,57,1,0,28.1,16,3.5,2,39.6,1,0,0,0,0,0,,,0
Nick Mangold,2974,C,NYJ,16,-3,0,100,,0,0,0,0,0,0,22,0,67.6,62.3,83.6,85.3,66.9,0,0,0,-3,100,604,604,1,1,0,0,0,0,79.2,1,0,0,0,-3,0,0,-3,
Joey Harrington,1011,QB,ATL,12,-5,0,100,,0,0,0,0,0,0,2,0,,91.3,69.3,,,0,0,0,4,0,0,405,0,1,0,0,0,0,83.3,1,0,0,0,4,9,9,4,
Verron Haynes,1156,HB,PIT,1,1,1,100,,0,0,0,0,0,1,25,0,64.7,61.2,69.4,82.5,77.1,0,0,0,12,62.5,5,8,0,1,37.5,3,0,0,116.7,1,0,0,0,12,11,11,12,4
Jason Pociask,3095,TE,NYJ,4,3,0,100,,0,0,0,0,0,0,22,0,64.7,61.2,57.2,69.3,56.4,37.5,6,0,7,56.3,9,16,0,1,43.8,7,6.3,1,95.8,1,0,12.5,2,7,4,4,7,1
Eric Heitmann,1201,C,SF,16,6,1,100,,0,0,0,0,0,1,28,0,67.6,62.3,65.6,78.6,42.5,0,0,0,17,100,608,608,1,1,0,0,0,0,118.8,1,0,0,0,17,11,11,17,
John St. Clair,649,T,CHI,8,2,0,100,,0,0,1,0,0,1,6,0,64.7,61.2,69,64.4,90.2,0.5,1,0,2,99.5,213,214,4,1,0.5,1,0,0,118.8,1,1,0,0,2,0,0,2,2
Darnell Dinkins,1236,TE,CLV,2,5,0,100,,0,0,0,0,0,0,8,0,64.7,61.2,55.6,,59.8,100,2,0,8,0,0,2,0,1,100,2,0,0,100,1,0,0,0,8,3,3,8,4
Tom Ashworth,938,T,SEA,4,8,0,0,,0,0,0,,0,0,29,0,,,61.6,72.3,52.9,100,5,0,0,60,3,5,0,0,40,2,0,0,39.6,1,0,0,0,0,0,,,0
Brian Kozlowski,62,TE,WAS,3,2,0,100,,0,0,0,0,0,0,32,0,64.7,61.2,53.4,77.8,56.1,23.1,3,0,5,15.4,2,13,0,1,84.6,11,0,0,87.5,1,0,7.7,1,5,3,3,5,0.45
Domenik Hixon,3075,WR,NYG,8,4,0,100,,0,0,0,0,0,0,21,0,64.7,64.6,50.8,,54.3,0,0,0,5,0,0,15,0,1,100,15,20,3,87.5,1,0,80,12,5,1,1,5,0.33
Logan Mankins,2249,G,NE,16,-9,0,100,,0,0,2,0,0,0,19,0,67.6,62.3,91.7,78.7,66.9,0,0,0,-9,100,655,655,6,1,0,0,0,0,79.2,1,0,0,0,-9,0,0,-9,
Paul Smith,669,HB,DEN,1,0,0,0,,0,0,0,,0,0,10,0,,,44.2,,60,0,0,0,0,0,0,1,0,0,100,1,0,0,39.6,1,0,0,0,0,0,,,0
Kevin Everett,2303,TE,BUF,1,3,0,100,,0,0,0,0,0,0,4,0,64.7,61.2,65.2,69.6,61,100,3,0,3,33.3,1,3,0,1,66.7,2,0,0,79.2,1,0,0,0,3,0,0,3,1.5
